 Cell2D             x              y            31_x            31_y            31_z            31_s            51_x            51_y            51_z            51_s            53_x            53_y            53_z            53_s            71_x            71_y            71_z            71_s            32_z            41_z            42_z            52_z            61_z 
127024     608092.625    3315882.000    19.940599       5.011895        5.457120        0.280590        6.770140        4.118405        11.570499       0.203752        10.914700       3.502450        6.557680        0.313913        32.891251       6.001260        22.348549       0.283727        0.227749        0.825392        0.192019        0.010173        0.010023     
131141     601092.250    3304214.750    47.218300       5.057545        13.931749       0.251904        7.061725        2.023360        5.087775        0.190573        4.210045        2.451650        5.701315        0.377755        6.429040        3.304960        8.745365        0.322519        0.052380        0.371876        0.122211        0.010000        0.009646     
131484     603266.625    3306442.000    55.207748       5.000000        19.135231       0.174709        7.539340        6.857965        5.346965        0.205771        9.651315        16.816450       10.498180       0.359461        13.982550       9.091681        3.787295        0.275234        0.021211        1.119965        0.082085        0.010012        0.018930     
131997     604857.562    3307927.000    32.732948       5.000000        6.957745        0.200409        27.762001       1.562960        2.888280        0.202459        6.993040        2.918275        8.042845        0.353803        11.187300       5.235855        5.210165        0.212259        0.049664        0.268888        0.153125        0.010000        0.012929     
132586     606607.688    3309465.000    28.460251       6.831345        6.216725        0.223935        10.894825       3.430505        15.743500       0.216988        17.164400       24.619850       49.557999       0.255298        31.279251       4.169225        6.426305        0.229856        0.072053        0.512252        0.035944        0.010107        0.009275     
132964     608516.875    3312169.500    21.788200       5.059090        19.429600       0.302794        7.660160        11.023700       4.884395        0.172781        30.009151       5.938270        10.122496       0.218073        28.149450       11.715840       12.272350       0.311130        0.029371        1.388570        0.021684        0.034076        0.018418     
133035     611062.438    3313336.250    13.471800       8.151449        8.959480        0.318459        5.182105        3.150770        17.811451       0.156996        3.566170        10.315889       21.918652       0.192907        15.471400       3.515700        10.368910       0.227754        0.156549        0.715439        0.127573        0.017851        0.009392     
133124     593667.625    3294880.750    60.891201       7.380720        10.303499       0.300866        25.827200       4.939885        3.514860        0.135393        9.513160        3.487920        20.774300       0.264795        42.925751       2.215850        14.451400       0.300386        0.150984        1.827610        0.020085        0.010760        0.009000     
133600     603956.000    3305540.500    57.127350       8.568150        7.862270        0.284515        8.320010        2.299620        7.305535        0.206391        13.437950       2.656420        35.177448       0.207886        30.659599       12.070955       16.234650       0.222016        0.088971        4.404360        0.233015        0.010000        0.021814     
136380     609365.375    3309093.750    25.889301       5.912195        8.748035        0.314030        4.959250        2.882900        3.727120        0.134247        6.700735        1.267980        25.877350       0.252119        16.723650       4.563045        12.491750       0.244802        0.072656        0.972712        0.082404        0.028093        0.022025     
136918     605494.000    3303684.250    20.332451       5.205315        16.283051       0.248720        12.417950       1.627265        6.482945        0.136357        46.014351       9.392970        4.094060        0.213935        37.471397       5.278090        8.768040        0.216424        0.117275        0.489700        0.094985        0.010076        0.018363     
138542     608251.688    3303684.250    66.572845       5.000000        10.869250       0.293530        5.230790        2.886315        14.035120       0.195522        25.685900       3.524535        5.787260        0.259205        27.787800       4.109560        5.639495        0.269704        0.041162        1.008855        0.065668        0.015265        0.009564     
138921     593667.625    3288092.500    39.540501       5.035790        17.600151       0.225248        5.395685        1.537535        17.162100       0.162426        12.225744       7.267535        3.011970        0.190247        10.000535       7.795860        10.039050       0.297977        0.030484        0.343324        0.023975        0.010008        0.009000     
138942     601728.625    3295729.250    24.712101       11.592300       18.895750       0.233200        18.047100       2.559995        18.932150       0.169239        15.039050       1.767545        13.042450       0.276137        19.460899       4.292725        2.520020        0.209937        0.024207        0.332591        0.043670        0.027288        0.021345     
140035     606819.812    3299759.750    47.647697       5.010235        27.228600       0.224439        18.075150       4.118810        7.018140        0.214187        24.427750       3.298035        3.901280        0.254118        8.359725        7.136655        6.885755        0.192454        0.139560        1.323325        0.203267        0.010002        0.009000     
140817     614880.812    3308033.000    89.114655       5.000000        12.961850       0.237931        15.363649       1.604095        16.710899       0.182424        38.657776       12.927500       5.863785        0.291174        9.417010        4.801025        10.542655       0.305272        0.038010        1.137193        0.033054        0.010000        0.058117     
142596     613608.000    3302729.750    34.253899       5.362780        14.330151       0.162014        4.211580        10.738635       5.181260        0.192655        23.572100       3.342525        1.904440        0.203063        34.429947       7.380215        10.188450       0.208451        0.195647        0.399155        0.070871        0.013873        0.009148     
142743     603849.938    3291062.500    33.764450       5.000000        21.306450       0.213246        11.679800       2.533705        2.700870        0.168984        11.979120       14.249701       9.991975        0.369326        24.162651       5.400600        10.385799       0.244015        0.029575        2.466085        0.103145        0.011267        0.009655     
116190     614456.562    3334761.750    41.892151       5.000000        5.034315        0.226763        14.042049       2.143985        7.120395        0.200669        67.430252       8.124430        3.874970        0.142684        16.772099       3.897570        8.895030        0.287694        0.020110        4.600410        0.269623        0.010464        0.009824     
122664     612547.375    3325003.500    14.287001       5.358020        9.864595        0.152453        7.526145        5.705575        8.076170        0.177796        59.881248       8.997155        27.618599       0.251583        4.561980        5.191535        7.515635        0.281295        0.056328        0.554164        0.105825        0.013921        0.009003     
122750     616577.875    3329246.250    31.561050       5.109220        5.006600        0.240872        7.995330        5.775925        2.937400        0.285449        5.448560        6.165715        8.733985        0.195762        29.643299       3.029280        15.863950       0.243162        0.311454        0.435272        0.126268        0.010000        0.013654     
130988     610001.812    3314821.250    24.782799       5.000000        12.892000       0.318927        17.246799       1.982905        13.576600       0.223336        36.540253       8.679251        20.327450       0.310674        12.422800       3.190235        27.718750       0.226145        0.155520        1.456780        0.097790        0.014038        0.087913     
131015     611486.688    3315669.750    58.061951       5.005380        8.576630        0.242727        9.075171        2.693735        14.358225       0.216852        11.636499       2.329670        5.113380        0.268800        9.292830        20.930851       18.802700       0.287117        0.035328        1.542185        0.572463        0.010000        0.013110     
136497     625063.188    3324155.000    49.867699       5.037540        7.725200        0.197278        15.345950       2.969590        3.328545        0.226847        27.659599       1.479370        18.932199       0.243142        13.529051       4.035860        6.647560        0.299773        0.035013        0.562414        0.055725        0.012079        0.009000     
141751     625487.438    3316942.500    38.484798       7.552010        9.248610        0.278322        5.917030        2.128490        9.567605        0.147965        4.336325        6.288440        42.020500       0.242356        33.449600       3.329470        19.889149       0.399209        0.330693        0.226746        0.092469        0.029365        0.018839     
