 Cell2D             x              y            51_x            51_y            51_z            51_s            53_x            53_y            53_z            53_s            71_x            71_y            71_z            71_s            41_z            42_z            52_z            61_z 
34677      590273.500    3347277.500    11.802990       4.111745        6.238215        0.212368        16.108900       10.395400       4.863230        0.212389        38.588402       3.260080        9.400545        0.361383        0.964746        0.020263        0.010000        0.011426     
48643      593667.625    3346429.000    7.585195        3.387950        3.379645        0.159189        4.737465        5.021990        4.994140        0.206160        19.787550       4.627660        17.490450       0.161307        0.917432        0.048840        0.010974        0.009296     
48663      596213.188    3348762.250    3.387395        2.328210        20.000000       0.215993        23.558050       12.751050       14.056601       0.197378        24.997000       16.300900       8.145945        0.242622        1.689605        0.088599        0.024077        0.053354     
59898      595152.562    3341549.750    8.001220        3.342425        1.761245        0.301692        8.532545        4.028025        17.570400       0.221840        4.613870        17.131199       13.466450       0.270853        1.186180        0.055401        0.188568        0.049881     
1650       571605.875    3350883.750    10.078150       7.105950        8.441865        0.199958        7.353805        2.379250        13.117050       0.406155        29.603199       10.159975       7.949125        0.233896        1.507003        0.422573        0.054971        0.014457     
2628       567787.500    3343247.000    11.769501       2.079055        11.077510       0.230649        8.419436        8.405500        8.087285        0.205756        38.695801       3.581440        6.890055        0.169818        1.038860        0.053854        0.025710        0.025197     
6424       582636.750    3353429.250    10.022900       6.960075        2.282340        0.142247        7.147360        13.013350       10.922939       0.265151        19.036049       2.843315        6.866675        0.339321        0.943213        0.043365        0.010000        0.009000     
6427       585182.312    3355974.750    16.232151       2.508140        2.969185        0.165333        22.629724       2.627380        18.997400       0.154274        31.022249       8.785290        19.510200       0.276392        3.063725        0.206581        0.010000        0.009000     
8137       568211.750    3336670.750    16.333250       3.115565        19.397350       0.270980        8.587126        4.948880        3.012375        0.223167        13.619650       3.949550        13.299750       0.249538        2.810580        0.234131        0.025635        0.025368     
10866      566939.000    3334231.250    14.027151       3.147625        2.169985        0.195944        77.995499       1.318000        26.919151       0.221418        10.043995       4.039370        12.427219       0.201439        1.465190        0.158981        0.037426        0.086370     
11190      580515.438    3348338.000    16.363600       2.772805        19.966600       0.226649        3.130805        16.686199       13.018035       0.184490        8.776880        4.654595        19.453150       0.211646        0.874194        0.175243        0.010238        0.042094     
14556      574681.812    3340701.250    8.986900        1.017345        6.409985        0.271907        44.284653       4.168640        8.918890        0.230493        34.339401       6.191665        9.700445        0.174268        0.849670        0.411420        0.018211        0.034700     
14695      580091.188    3346216.750    19.232929       1.607960        5.789030        0.199670        18.028950       16.422800       18.462151       0.285024        3.863695        4.560835        4.190320        0.191049        4.927645        0.085217        0.034156        0.009138     
18059      575954.625    3340701.250    7.176330        3.714410        1.049377        0.196834        52.000603       5.336065        5.804295        0.276006        28.738949       16.626751       8.864605        0.203081        0.917266        0.897495        0.010000        0.036514     
18324      584333.812    3348762.250    20.539949       3.342760        5.485355        0.131181        4.338895        3.331305        4.300745        0.176401        12.131950       3.982215        8.099870        0.327674        3.147010        1.109402        0.036255        0.020024     
18345      588576.438    3352156.500    18.524899       8.836190        0.909849        0.208627        7.774405        9.759510        3.295290        0.243011        19.656000       3.402895        14.147100       0.230387        3.290535        0.847081        0.013611        0.009007     
21734      578606.250    3340171.000    5.120510        1.719550        11.897100       0.152025        79.436646       2.572630        5.676525        0.406088        46.808548       12.019955       7.405455        0.194600        0.741391        0.058362        0.044650        0.009008     
23859      569484.562    3329458.250    17.409050       6.412520        15.981701       0.189748        20.617748       6.659020        12.375299       0.270151        9.249214        6.212335        7.323980        0.266617        2.652970        0.026906        0.049147        0.015599     
24086      574151.500    3335292.000    10.984100       3.143605        1.098876        0.211939        19.388500       4.523575        15.473100       0.268089        21.599701       3.762520        12.987949       0.182595        0.762151        0.060725        0.010089        0.011357     
28770      578606.250    3336777.000    9.263885        2.840245        8.975870        0.221664        5.033720        11.795000       1.767350        0.432455        19.412100       4.216305        5.635025        0.217193        0.357669        0.678247        0.010000        0.032273     
29747      583909.562    3343034.750    15.555750       1.736495        4.386000        0.183147        6.113200        4.120265        12.838949       0.225915        15.113400       15.761000       16.799700       0.218310        0.935919        0.049676        0.024368        0.009105     
34198      583008.000    3339534.500    17.427450       3.206070        16.875200       0.180450        7.233240        8.456285        4.113800        0.234102        21.621655       2.388185        15.223550       0.211688        0.734197        0.118921        0.027841        0.031182     
37054      574045.438    3329882.500    9.298346        3.624520        3.652170        0.185526        11.664600       10.680901       24.016100       0.248468        7.762165        4.176965        13.891979       0.328472        0.858177        0.045379        0.011379        0.040333     
38941      585712.688    3340648.250    4.442155        4.798355        7.856095        0.143262        3.425905        1.669875        8.545506        0.300907        13.611750       4.931670        16.087950       0.238954        1.622625        0.088340        0.010000        0.039541     
43166      584758.062    3338049.750    6.968755        1.564360        6.277500        0.163250        36.253101       2.330840        5.006535        0.153138        23.009399       3.187560        6.674655        0.251054        0.407065        0.161995        0.010000        0.017681     
43992      592182.688    3346641.000    6.727220        3.148935        4.418600        0.267349        29.004799       8.829445        4.390820        0.218909        11.558800       5.774705        10.555300       0.204518        2.431965        0.900985        0.010012        0.020377     
45739      576803.125    3329246.250    8.094280        3.464925        5.014360        0.215863        40.991600       5.221635        11.133725       0.346753        19.809650       6.473785        11.245649       0.231275        2.384350        0.151365        0.010816        0.072099     
50965      583167.062    3333488.750    21.149450       4.527315        5.768410        0.216502        16.760901       6.625170        43.129250       0.236829        8.464360        2.274640        12.008910       0.294988        0.434932        0.103167        0.017685        0.013122     
51628      586136.938    3336936.000    10.472300       8.414645        12.223150       0.197925        12.486250       4.151240        34.974251       0.188393        22.537149       3.651345        9.486135        0.199517        0.750591        0.174747        0.010000        0.009017     
51857      586879.375    3337996.750    5.563895        3.264790        2.611275        0.159125        18.773350       4.405400        27.605650       0.213248        6.012990        3.371785        6.990675        0.228299        1.200000        0.164769        0.029244        0.102084     
54365      579985.125    3329246.250    11.699200       7.147805        3.888115        0.221810        29.208300       10.239460       11.923950       0.216037        16.587400       11.631800       7.425210        0.270374        0.453445        0.488167        0.013703        0.009023     
55651      587993.062    3336140.500    12.888620       2.999355        1.437845        0.203346        43.820351       3.694735        8.980064        0.281451        15.111200       4.663315        8.646931        0.282614        0.322768        0.198884        0.018530        0.009065     
56037      589212.875    3338102.750    10.823650       1.719150        9.146740        0.171584        18.775700       10.499150       5.971730        0.257581        18.314800       4.001820        18.813301       0.230229        0.868993        0.893241        0.010000        0.012012     
56264      590061.375    3338474.000    5.881920        4.501555        7.207705        0.195303        4.351405        2.374525        8.206860        0.239915        7.378585        1.917510        8.768785        0.232692        1.046295        0.479003        0.011367        0.009011     
58582      586243.000    3332958.500    7.078960        2.466930        4.209055        0.226407        13.630051       5.388055        11.134649       0.244943        29.814899       7.815585        1.878580        0.242696        2.206260        0.107377        0.011596        0.009537     
58907      587356.688    3335186.000    7.080045        3.049140        7.626890        0.187329        5.559655        4.299250        2.964425        0.192404        35.986748       9.271780        17.760000       0.324620        1.669130        0.023844        0.012447        0.009010     
59770      591334.188    3339110.250    11.059999       1.616920        3.574120        0.179873        9.523760        33.031101       18.666201       0.241713        47.733501       9.729010        10.956500       0.193711        0.666699        0.083331        0.031927        0.021512     
59905      595364.688    3342610.500    23.247200       3.512070        1.999895        0.156076        19.065449       1.173715        5.766765        0.224593        8.326885        10.457850       9.582035        0.339866        0.675590        0.102598        0.010275        0.009026     
62032      584970.188    3330837.250    5.450490        1.000495        4.643975        0.151839        9.225025        8.769316        3.852395        0.221038        15.405550       9.914580        5.454845        0.278076        1.099495        0.098926        0.010699        0.009016     
74066      603425.688    3344095.500    9.938915        10.212265       4.971770        0.212968        7.350930        3.455410        31.321550       0.216046        32.088200       4.741580        16.344500       0.229078        1.188640        0.064625        0.035423        0.062617     
77022      595046.500    3333435.750    2.997245        2.529650        9.380770        0.163840        8.948970        5.200075        8.170930        0.324603        29.053200       9.058769        18.301750       0.197681        0.477951        0.089291        0.045120        0.009000     
77270      597910.250    3336670.750    6.089640        3.623645        4.261195        0.185773        15.238720       8.096120        38.258598       0.270197        24.955299       8.066440        7.890020        0.259646        1.239646        0.295994        0.061295        0.025276     
77301      600880.125    3339852.750    12.593885       3.601965        4.627770        0.149865        3.927185        10.199724       11.654400       0.284068        31.073551       4.047945        5.617600        0.275052        1.729735        0.051020        0.010000        0.009579     
79692      593773.688    3330731.250    29.984001       2.994275        7.291360        0.175402        37.095650       6.824775        6.290945        0.231857        49.911201       7.769895        30.000000       0.292177        1.204590        0.082191        0.011519        0.014532     
80237      596266.250    3332534.250    17.639000       2.065475        4.952650        0.180269        23.332550       8.708281        4.914110        0.222309        47.589447       4.189785        25.404049       0.245782        1.437120        0.047364        0.068565        0.036787     
80410      599183.062    3335822.250    19.631149       3.164970        1.863995        0.171356        24.961300       2.937220        8.750780        0.217205        12.000350       7.286280        8.535995        0.248395        2.427035        0.054561        0.019082        0.009000     
