 Cell2D             x              y            31_x            31_y            31_z            31_s            51_x            51_y            51_z            51_s            53_x            53_y            53_z            53_s            71_x            71_y            71_z            71_s            32_z            41_z            42_z            52_z            61_z 
86915      592394.812    3326594.500    38.294924       11.464877       11.075858       0.200000        21.398110       1.109130        11.240048       0.200000        46.614893       4.630820        14.148378       0.200000        16.264506       10.298761       15.270111       0.200000        0.029989        2.234765        0.110956        0.025676        0.081995     
87165      594569.188    3327867.250    47.265963       5.500000        6.233079        0.200000        3.586660        3.976420        2.022760        0.268283        21.062200       13.138930       8.251491        0.200000        13.856700       16.016143       11.035808       0.200000        0.058385        0.606024        0.873778        0.021161        0.011181     
91117      593773.688    3325374.750    30.600956       5.770243        5.888305        0.324153        21.114951       6.536708        11.435047       0.200000        15.851700       11.649000       13.920800       0.200000        16.117281       1.865900        10.041520       0.200000        0.027181        0.903954        0.076017        0.011026        0.011983     
83301      594834.375    3330306.750    40.049700       7.117330        5.730829        0.206658        17.779686       1.283986        2.679388        0.200000        20.962631       5.842278        8.221029        0.200000        17.506568       2.685860        10.968000       0.200000        0.077701        0.719920        0.169289        0.011368        0.009900     
87666      596107.125    3329405.250    45.397598       12.128400       9.716019        0.200000        18.001450       2.033370        8.060300        0.200000        46.575374       10.686590       33.059227       0.318339        22.311147       4.830890        8.093117        0.200000        0.086317        1.271819        0.102556        0.011000        0.011646     
88240      600455.875    3333276.750    72.989400       5.644644        6.385346        0.200000        10.754650       4.007080        2.310810        0.200000        45.032900       17.954183       3.300270        0.200000        26.180800       12.349534       22.183675       0.200000        0.022022        1.652221        0.050493        0.011842        0.010299     
92354      598970.938    3331261.500    12.536129       8.296671        5.610710        0.200000        7.228176        5.331811        2.063490        0.200000        25.831900       2.381600        4.191040        0.200000        7.732970        9.838910        18.796000       0.210914        0.024591        0.232807        0.072003        0.032104        0.033079     
94729      594834.375    3324844.500    113.816306      5.501194        6.529540        0.200000        11.489600       2.879735        8.224754        0.176538        15.037512       19.873405       17.607888       0.200000        30.820255       7.575620        20.530258       0.200000        0.057258        1.238734        0.327156        0.011147        0.014898     
98674      598334.500    3327496.000    43.304600       5.500000        23.143139       0.200000        3.738650        7.475442        3.379204        0.200000        9.230552        9.436990        6.702760        0.207804        12.669500       17.496224       26.816694       0.200000        0.028633        0.450146        0.127074        0.012271        0.011407     
101232     597910.250    3323836.750    52.158475       7.608783        10.475645       0.263672        11.674212       2.682303        9.166630        0.200000        1.928100        24.426412       27.441204       0.200000        5.137370        3.510560        5.413532        0.200000        0.026482        1.069603        0.051744        0.011009        0.010672     
104414     601834.688    3326329.500    33.793131       5.749683        9.846828        0.366729        3.321830        5.249836        5.400942        0.200000        6.805185        22.709192       9.875323        0.200000        25.017337       2.142800        11.429800       0.200000        0.023246        1.913707        0.050040        0.020361        0.015373     
104455     601834.688    3326700.750    49.448571       11.821248       23.750956       0.200000        6.598404        3.839250        10.766973       0.200000        14.239471       18.326511       10.747468       0.200000        27.450890       5.111350        5.495440        0.260162        0.024762        0.336095        0.058047        0.079130        0.142211     
107418     600880.125    3324314.250    43.577011       5.500000        9.826209        0.200000        10.817806       7.279865        11.334675       0.200000        11.615900       7.727739        10.383773       0.200000        12.073900       19.679093       16.768338       0.200000        0.022123        0.744054        0.051464        0.028889        0.009900     
111612     600774.062    3322882.250    113.501882      15.863200       5.723553        0.200000        5.348833        7.658450        3.404753        0.200000        6.131589        7.065170        6.897220        0.263324        23.726800       5.641888        7.211300        0.200000        0.022001        0.505670        0.031597        0.030029        0.009936     
112758     605971.250    3327602.250    25.743800       5.500000        16.349200       0.200000        7.394120        3.410373        10.816500       0.200000        8.865024        14.985066       5.303230        0.200000        16.400200       8.600976        12.217400       0.200000        0.031613        1.152739        0.073889        0.011010        0.011821     
115003     602152.875    3322352.000    10.830900       5.500000        18.752967       0.200000        6.094700        5.658982        6.950094        0.200000        15.234758       10.639063       5.064534        0.200000        48.480700       8.168850        14.899847       0.200000        0.111831        1.248354        0.047730        0.022238        0.014382     
117757     603531.750    3322033.750    63.204462       5.500000        6.049190        0.200000        7.279884        3.858214        9.399953        0.161944        14.803037       4.310350        9.282520        0.200000        6.118160        2.930880        18.208001       0.200000        0.096839        0.250097        0.057352        0.011863        0.032727     
84032      604274.250    3339004.250    31.691900       7.038977        9.045010        0.200000        6.396810        4.363364        5.089537        0.182041        14.325719       5.359350        14.993273       0.222751        8.748540        4.694477        12.660834       0.184663        0.025098        2.082579        0.074661        0.011072        0.009967     
99251      605122.750    3333064.500    16.340800       5.503795        8.888469        0.200000        10.573673       5.204509        6.111027        0.200000        52.182329       8.875543        7.181125        0.200000        10.150838       2.259910        5.907990        0.200000        0.039008        0.168355        0.221614        0.034083        0.014221     
99263      607668.312    3335610.250    60.471578       5.500000        7.374220        0.200000        6.402329        2.828240        7.915624        0.200000        15.890778       2.876380        10.243400       0.200000        17.496607       7.782212        12.111000       0.200000        0.382800        0.780981        0.451376        0.011000        0.009969     
104919     607244.062    3331579.750    111.123262      6.779840        29.449088       0.200000        9.592130        3.114994        7.706550        0.200000        16.047000       9.716323        4.077606        0.200000        13.430262       27.659543       23.430496       0.250956        0.022000        2.168100        0.109335        0.011000        0.009900     
115669     607244.062    3326753.750    77.880486       9.991766        13.801930       0.200000        20.274755       4.773722        5.797290        0.200000        31.048119       7.600813        5.967481        0.200000        38.854591       6.194118        6.052160        0.200000        0.022000        2.378253        0.192180        0.039541        0.175092     
116149     611911.000    3331155.500    19.978312       6.843325        7.921110        0.200000        9.635683        3.248769        2.886707        0.200000        45.055518       11.367000       3.758110        0.289655        8.855605        13.015627       11.233000       0.200000        0.025009        1.218008        0.122326        0.035006        0.010335     
118305     609365.375    3327655.250    62.454917       6.739887        36.474551       0.200000        24.710700       4.323946        11.255125       0.235891        32.968263       7.265467        8.045560        0.200000        15.577000       6.941600        8.077390        0.200000        0.077190        0.800435        0.107246        0.011000        0.009904     
118340     610001.812    3327655.250    32.500600       5.565378        17.440500       0.200000        7.506625        2.586240        5.166312        0.160202        17.873888       28.340664       5.323707        0.200000        16.153700       8.791849        9.389220        0.200000        0.136008        1.086660        0.063216        0.011000        0.021462     
119785     605759.125    3321609.500    45.063200       5.635135        13.536937       0.200000        5.578668        4.118596        4.804990        0.200000        18.258359       4.210680        5.769198        0.200000        28.517626       1.256046        15.026882       0.300181        0.022093        0.776235        1.100180        0.010249        0.012262     
119819     607668.312    3323943.000    16.851200       10.355200       5.758621        0.215787        12.848902       1.452500        2.569790        0.200000        22.179013       1.715406        6.629591        0.200000        42.749319       3.721148        5.129180        0.200000        0.102767        0.738068        0.168806        0.015359        0.024713     
121183     606607.688    3321609.500    99.853257       24.553081       9.134190        0.200000        11.422100       2.054600        11.018518       0.200000        6.132591        5.439491        2.060830        0.200000        27.212000       4.612771        19.607363       0.200000        0.043572        0.277992        0.125054        0.011000        0.027161     
123946     609365.375    3321185.250    12.118900       5.504428        9.419182        0.200000        19.083291       4.100058        18.451538       0.212359        24.939900       4.681537        30.084707       0.200000        11.732029       3.313956        8.132303        0.233970        0.052592        1.914612        0.107214        0.022979        0.132626     
84056      609365.375    3344095.500    28.145100       13.896685       8.091590        0.200000        17.476368       3.856435        13.943679       0.200000        18.251898       2.431830        7.821070        0.200000        36.021183       2.154244        16.886143       0.200000        0.025688        0.621617        0.175025        0.011737        0.009900     
96101      610638.188    3340277.000    47.377100       5.757284        13.014200       0.200000        12.488530       3.470066        9.410429        0.200000        26.465682       13.272632       11.770458       0.200000        15.007756       16.849369       24.114969       0.200000        0.027685        0.646803        0.054554        0.066494        0.009900     
104952     612759.500    3338155.750    38.041963       6.216788        8.787120        0.200000        6.747204        3.160940        12.517487       0.200000        37.385304       21.900123       15.206100       0.200000        10.959700       7.909299        16.689903       0.200000        0.077736        0.695945        0.062653        0.041343        0.018926     
113183     612335.250    3334337.500    87.088582       6.809522        5.530706        0.200000        6.392880        3.170310        5.226074        0.200000        34.163748       1.104945        7.100530        0.200000        25.083519       5.170369        6.032275        0.205822        0.030191        3.909038        0.617284        0.011000        0.009905     
113205     614880.812    3336034.500    49.596089       5.500000        20.504551       0.200000        18.245775       2.046420        12.576745       0.200000        21.758364       7.508836        28.212576       0.200000        10.563500       19.350662       8.788607        0.200000        0.035407        2.680808        0.049794        0.011000        0.014066     
