 Cell2D             x              y            31_x            31_y            31_z            31_s            51_x            51_y            51_z            51_s            53_x            53_y            53_z            53_s            71_x            71_y            71_z            71_s            32_z            41_z            42_z            52_z            61_z 
86915      592394.812    3326594.500    29.515224       9.355580        9.969862        0.250000        18.111082       1.008300        8.450096        0.250000        36.929787       4.630820        10.764356       0.250000        15.477037       8.327623        13.460795       0.250000        0.027262        1.694080        0.100869        0.023342        0.059189     
87165      594569.188    3327867.250    43.775875       5.000000        5.666435        0.250000        3.586660        3.976420        2.022760        0.268283        21.062200       10.715086       6.519493        0.250000        13.856700       13.799686       9.946041        0.250000        0.053078        0.465900        0.809470        0.019237        0.010164     
91117      593773.688    3325374.750    28.498737       5.245675        5.353005        0.324153        19.425700       6.085032        8.840094        0.250000        15.062550       11.649000       13.920800       0.250000        14.621887       1.865900        9.696945        0.250000        0.024710        0.653472        0.069107        0.010024        0.010894     
83301      594834.375    3330306.750    40.049700       6.470300        5.209845        0.206658        14.259372       1.167260        1.970212        0.250000        20.016387       4.842318        6.454278        0.250000        14.314411       2.685860        10.968000       0.250000        0.070637        0.719920        0.169289        0.010334        0.009000     
87666      596107.125    3329405.250    35.256199       12.128400       8.144012        0.250000        14.324299       2.033370        8.060300        0.250000        36.850749       9.691680        25.747276       0.318339        17.358820       4.830890        6.914503        0.250000        0.086317        0.973428        0.093232        0.010000        0.010587     
88240      600455.875    3333276.750    60.491800       5.131495        5.804860        0.250000        9.389125        4.007080        2.310810        0.250000        45.032900       13.271666       3.300270        0.250000        26.180800       8.945343        19.411950       0.250000        0.020020        1.517181        0.045902        0.010765        0.009363     
92354      598970.938    3331261.500    10.640484       7.234985        5.100645        0.250000        5.993257        4.345850        2.063490        0.250000        25.831900       2.381600        4.191040        0.250000        7.732970        9.838910        18.796000       0.210914        0.022355        0.232807        0.065457        0.029186        0.030072     
94729      594834.375    3324844.500    86.132612       5.001085        5.935945        0.250000        11.489600       2.625415        7.606521        0.176538        14.185850       14.347834       15.733300       0.250000        26.340511       6.267094        16.280998       0.250000        0.052053        1.196664        0.283362        0.010134        0.013543     
98674      598334.500    3327496.000    43.304600       5.000000        17.097980       0.250000        3.738650        6.318666        2.692144        0.250000        7.740829        9.436990        5.067265        0.207804        12.669500       12.789148       24.106863       0.250000        0.026030        0.450146        0.115522        0.011155        0.010370     
101232     597910.250    3323836.750    50.289576       6.917075        9.176690        0.263672        10.791799       2.554795        7.410940        0.250000        1.928100        18.759448       19.642406       0.250000        5.137370        3.510560        3.945421        0.250000        0.024074        0.776958        0.047040        0.010008        0.009701     
104414     601834.688    3326329.500    29.387338       5.226985        8.750575        0.366729        3.321830        4.084000        4.260832        0.250000        5.531822        17.669186       7.244571        0.250000        18.979326       2.142800        11.429800       0.250000        0.021132        1.546974        0.045491        0.018510        0.013976     
104455     601834.688    3326700.750    46.908415       9.559045        19.381986       0.250000        6.145275        3.839250        7.503947        0.250000        11.018641       15.651972       10.165985       0.250000        21.079330       5.111350        5.495440        0.260162        0.022511        0.336095        0.052770        0.071936        0.098187     
107418     600880.125    3324314.250    38.428524       5.000000        8.359119        0.250000        10.605062       5.403360        8.639350        0.250000        11.615900       5.720214        8.944846        0.250000        12.073900       16.836162       12.236677       0.250000        0.020111        0.676421        0.046786        0.026263        0.009000     
111612     600774.062    3322882.250    85.503763       15.863200       5.203230        0.250000        4.750080        7.658450        2.975661        0.250000        4.957103        7.065170        6.897220        0.263324        23.726800       4.395716        7.211300        0.250000        0.020001        0.505670        0.028724        0.027299        0.009033     
112758     605971.250    3327602.250    25.743800       5.000000        16.349200       0.250000        7.394120        3.272099        7.603001        0.250000        7.358190        11.114930       5.303230        0.250000        16.400200       7.575734        12.217400       0.250000        0.028739        0.965224        0.067172        0.010009        0.010746     
115003     602152.875    3322352.000    10.830900       5.000000        14.784334       0.250000        6.094700        4.766147        5.518815        0.250000        10.788692       9.286526        4.468962        0.250000        48.480700       8.168850        12.704020       0.250000        0.101664        0.878096        0.043391        0.020216        0.013075     
117757     603531.750    3322033.750    48.039875       5.000000        6.049190        0.250000        6.150585        2.906089        8.065707        0.161944        11.237575       4.310350        9.282520        0.250000        6.118160        2.930880        15.116002       0.250000        0.088036        0.250097        0.052139        0.010785        0.029752     
84032      604274.250    3339004.250    31.691900       6.399070        7.944874        0.250000        6.396810        3.844507        3.604301        0.182041        13.466187       5.359350        11.442819       0.222751        8.748540        3.649422        10.652567       0.184663        0.022817        1.695130        0.067874        0.010065        0.009061     
99251      605122.750    3333064.500    16.340800       5.003450        7.592312        0.250000        8.725322        4.597099        5.010516        0.250000        47.057461       6.250699        6.010004        0.250000        9.499048        2.259910        5.907990        0.250000        0.035462        0.153050        0.158275        0.030984        0.012928     
99263      607668.312    3335610.250    49.781802       5.000000        7.374220        0.250000        4.955199        2.828240        6.778582        0.250000        12.809207       2.876380        10.243400       0.250000        14.865039       5.972262        12.111000       0.250000        0.263458        0.636355        0.331656        0.010000        0.009063     
104919     607244.062    3331579.750    80.746525       6.779840        24.512250       0.250000        9.592130        2.776144        7.706550        0.250000        16.047000       7.452451        3.118944        0.250000        13.068025       20.019086       19.732772       0.250956        0.020000        2.168100        0.099396        0.010000        0.009000     
115669     607244.062    3326753.750    63.749399       8.334081        11.884085       0.250000        16.388351       3.541681        5.797290        0.250000        30.523288       5.732980        4.841975        0.250000        29.623622       4.532825        6.052160        0.250000        0.020000        1.910512        0.192180        0.035947        0.124398     
116149     611911.000    3331155.500    15.682074       6.221205        7.921110        0.250000        7.522315        2.867169        2.784321        0.250000        33.811037       11.367000       3.758110        0.289655        7.680602        10.386729       11.233000       0.250000        0.022736        1.037221        0.111206        0.031823        0.009396     
118305     609365.375    3327655.250    60.424711       6.127170        30.873651       0.250000        24.710700       3.864241        8.065279        0.235891        30.555750       6.594811        8.045560        0.250000        14.461550       6.941600        8.077390        0.250000        0.070173        0.636197        0.107246        0.010000        0.009004     
118340     610001.812    3327655.250    32.500600       5.059435        17.440500       0.250000        6.469939        2.586240        3.851051        0.160202        16.432550       24.464051       4.539731        0.250000        16.153700       7.182219        9.389220        0.250000        0.136008        1.086660        0.057469        0.010000        0.019511     
119785     605759.125    3321609.500    45.063200       5.122850        11.797948       0.250000        5.020994        3.936849        4.804990        0.250000        12.846268       4.210680        4.295816        0.250000        21.735253       1.141860        11.714516       0.300181        0.020085        0.673139        0.749204        0.010249        0.011148     
119819     607668.312    3323943.000    16.851200       10.355200       5.235110        0.215787        11.452085       1.452500        2.569790        0.250000        20.909600       1.559460        5.742461        0.250000        38.631312       2.814281        5.129180        0.250000        0.093425        0.563099        0.168806        0.013963        0.022467     
121183     606607.688    3321609.500    75.836763       20.236187       9.134190        0.250000        11.422100       2.054600        8.007036        0.250000        4.972129        5.027551        2.060830        0.250000        27.212000       4.085040        15.859544       0.250000        0.039611        0.277992        0.125054        0.010000        0.024692     
123946     609365.375    3321185.250    12.118900       5.004025        7.946489        0.250000        15.712842       3.359109        16.903075       0.212359        24.939900       3.830155        24.929413       0.250000        10.229358       3.087869        7.210517        0.233970        0.047811        1.446065        0.097467        0.020890        0.091418     
84056      609365.375    3344095.500    28.145100       10.931970       8.091590        0.250000        13.652737       3.168174        10.769873       0.250000        13.959021       2.431830        7.821070        0.250000        33.327164       1.804552        12.472287       0.250000        0.023353        0.522943        0.175025        0.010670        0.009000     
96101      610638.188    3340277.000    47.377100       5.233895        13.014200       0.250000        10.348510       2.999765        8.810261        0.250000        23.702238       9.918464        8.188466        0.250000        14.413137       11.757862       20.058379       0.250000        0.025168        0.559876        0.049594        0.060449        0.009000     
104952     612759.500    3338155.750    33.058500       5.651625        8.787120        0.250000        5.770834        3.160940        11.004975       0.250000        26.125261       15.317421       13.535050       0.250000        10.959700       6.957051        12.079807       0.250000        0.070669        0.695945        0.056957        0.037585        0.017206     
113183     612335.250    3334337.500    68.041162       6.190475        5.027915        0.250000        6.392880        3.170310        4.792565        0.250000        26.809848       1.004495        7.100530        0.250000        22.604113       3.873083        5.210083        0.205822        0.027446        2.778639        0.617284        0.010000        0.009005     
113205     614880.812    3336034.500    42.222726       5.000000        16.153703       0.250000        15.639875       2.046420        10.747148       0.250000        15.408002       5.406671        21.185151       0.250000        10.563500       14.726074       7.528412        0.250000        0.032189        2.048011        0.045267        0.010000        0.012787     
