 Cell2D             x              y            31_x            31_y            31_z            31_s            51_x            51_y            51_z            51_s            53_x            53_y            53_z            53_s            71_x            71_y            71_z            71_s            32_z            41_z            42_z            52_z            61_z 
86915      592394.812    3326594.500    47.074623       13.574175       12.181854       0.150000        24.685139       1.209960        14.030000       0.150000        56.299999       4.630820        17.532400       0.150000        17.051975       12.269900       17.079426       0.150000        0.032715        2.775450        0.121043        0.028011        0.104801     
87165      594569.188    3327867.250    50.756050       6.000000        6.799722        0.150000        3.586660        3.976420        2.022760        0.268283        21.062200       15.562775       9.983490        0.150000        13.856700       18.232599       12.125575       0.150000        0.063693        0.746148        0.938086        0.023084        0.012197     
91117      593773.688    3325374.750    32.703175       6.294810        6.423606        0.324153        22.804201       6.988385        14.030000       0.150000        16.640850       11.649000       13.920800       0.150000        17.612675       1.865900        10.386095       0.150000        0.029652        1.154436        0.082928        0.012028        0.013073     
83301      594834.375    3330306.750    40.049700       7.764360        6.251813        0.206658        21.299999       1.400712        3.388565        0.150000        21.908875       6.842237        9.987781        0.150000        20.698725       2.685860        10.968000       0.150000        0.084765        0.719920        0.169289        0.012401        0.010800     
87666      596107.125    3329405.250    55.538998       12.128400       11.288025       0.150000        21.678600       2.033370        8.060300        0.150000        56.299999       11.681499       40.371178       0.318339        27.263474       4.830890        9.271730        0.150000        0.086317        1.570210        0.111879        0.012000        0.012705     
88240      600455.875    3333276.750    85.487000       6.157794        6.965832        0.150000        12.120175       4.007080        2.310810        0.150000        45.032900       22.636700       3.300270        0.150000        26.180800       15.753725       24.955400       0.150000        0.024024        1.787260        0.055083        0.012918        0.011236     
92354      598970.938    3331261.500    14.431775       9.358357        6.120774        0.150000        8.463096        6.317772        2.063490        0.150000        25.831900       2.381600        4.191040        0.150000        7.732970        9.838910        18.796000       0.210914        0.026826        0.232807        0.078548        0.035023        0.036086     
94729      594834.375    3324844.500    141.500000      6.001302        7.123134        0.150000        11.489600       3.134055        8.842987        0.176538        15.889174       25.398975       19.482475       0.150000        35.299999       8.884146        24.779518       0.150000        0.062464        1.280805        0.370950        0.012161        0.016252     
98674      598334.500    3327496.000    43.304600       6.000000        29.188299       0.150000        3.738650        8.632217        4.066265        0.150000        10.720275       9.436990        8.338255        0.207804        12.669500       22.203300       29.526525       0.150000        0.031236        0.450146        0.138626        0.013386        0.012444     
101232     597910.250    3323836.750    54.027374       8.300490        11.774600       0.263672        12.556625       2.809810        10.922319       0.150000        1.928100        30.093376       35.240002       0.150000        5.137370        3.510560        6.881642        0.150000        0.028889        1.362247        0.056448        0.012010        0.011642     
104414     601834.688    3326329.500    38.198925       6.272382        10.943080       0.366729        3.321830        6.415672        6.541052        0.150000        8.078547        27.749199       12.506075       0.150000        31.055347       2.142800        11.429800       0.150000        0.025359        2.280440        0.054590        0.022212        0.016771     
104455     601834.688    3326700.750    51.988728       14.083450       28.119926       0.150000        7.051533        3.839250        14.030000       0.150000        17.460300       21.001051       11.328951       0.150000        33.822449       5.111350        5.495440        0.260162        0.027013        0.336095        0.063324        0.086324        0.186234     
107418     600880.125    3324314.250    48.725498       6.000000        11.293300       0.150000        11.030550       9.156370        14.030000       0.150000        11.615900       9.735265        11.822701       0.150000        12.073900       22.522024       21.299999       0.150000        0.024134        0.811687        0.056143        0.031516        0.010800     
111612     600774.062    3322882.250    141.500000      15.863200       6.243876        0.150000        5.947585        7.658450        3.833845        0.150000        7.306075        7.065170        6.897220        0.263324        23.726800       6.888060        7.211300        0.150000        0.024002        0.505670        0.034469        0.032759        0.010839     
112758     605971.250    3327602.250    25.743800       6.000000        16.349200       0.150000        7.394120        3.548648        14.030000       0.150000        10.371858       18.855202       5.303230        0.150000        16.400200       9.626218        12.217400       0.150000        0.034487        1.340255        0.080606        0.012011        0.012896     
115003     602152.875    3322352.000    10.830900       6.000000        22.721600       0.150000        6.094700        6.551817        8.381372        0.150000        19.680824       11.991600       5.660105        0.150000        48.480700       8.168850        17.095675       0.150000        0.121997        1.618613        0.052069        0.024260        0.015690     
117757     603531.750    3322033.750    78.369049       6.000000        6.049190        0.150000        8.409183        4.810340        10.734200       0.161944        18.368500       4.310350        9.282520        0.150000        6.118160        2.930880        21.299999       0.150000        0.105643        0.250097        0.062566        0.012941        0.035703     
84032      604274.250    3339004.250    31.691900       7.678884        10.145147       0.150000        6.396810        4.882220        6.574772        0.182041        15.185250       5.359350        18.543726       0.222751        8.748540        5.739532        14.669100       0.184663        0.027380        2.470027        0.081448        0.012078        0.010873     
99251      605122.750    3333064.500    16.340800       6.004140        10.184625       0.150000        12.422025       5.811920        7.211537        0.150000        57.307198       11.500387       8.352245        0.150000        10.802628       2.259910        5.907990        0.150000        0.042554        0.183660        0.284954        0.037181        0.015514     
99263      607668.312    3335610.250    71.161354       6.000000        7.374220        0.150000        7.849460        2.828240        9.052665        0.150000        18.972349       2.876380        10.243400       0.150000        20.128174       9.592163        12.111000       0.150000        0.502143        0.925607        0.571096        0.012000        0.010875     
104919     607244.062    3331579.750    141.500000      6.779840        34.385925       0.150000        9.592130        3.453845        7.706550        0.150000        16.047000       11.980195       5.036268        0.150000        13.792500       35.299999       27.128220       0.250956        0.024000        2.168100        0.119275        0.012000        0.010800     
115669     607244.062    3326753.750    92.011574       11.649450       15.719775       0.150000        24.161160       6.005763        5.797290        0.150000        31.572950       9.468645        7.092988        0.150000        48.085560       7.855411        6.052160        0.150000        0.024000        2.845995        0.192180        0.043136        0.225787     
116149     611911.000    3331155.500    24.274549       7.465446        7.921110        0.150000        11.749050       3.630370        2.989093        0.150000        56.299999       11.367000       3.758110        0.289655        10.030607       15.644526       11.233000       0.150000        0.027283        1.398795        0.133447        0.038188        0.011275     
118305     609365.375    3327655.250    64.485123       7.352603        42.075451       0.150000        24.710700       4.783650        14.444971       0.235891        35.380775       7.936122        8.045560        0.150000        16.692450       6.941600        8.077390        0.150000        0.084208        0.964673        0.107246        0.012000        0.010805     
118340     610001.812    3327655.250    32.500600       6.071322        17.440500       0.150000        8.543312        2.586240        6.481573        0.160202        19.315226       32.217278       6.107682        0.150000        16.153700       10.401480       9.389220        0.150000        0.136008        1.086660        0.068963        0.012000        0.023413     
119785     605759.125    3321609.500    45.063200       6.147420        15.275926       0.150000        6.136343        4.300343        4.804990        0.150000        23.670450       4.210680        7.242580        0.150000        35.299999       1.370232        18.339249       0.300181        0.024102        0.879330        1.451155        0.010249        0.013377     
119819     607668.312    3323943.000    16.851200       10.355200       6.282132        0.215787        14.245720       1.452500        2.569790        0.150000        23.448425       1.871352        7.516720        0.150000        46.867325       4.628015        5.129180        0.150000        0.112110        0.913037        0.168806        0.016755        0.026960     
121183     606607.688    3321609.500    123.869751      28.869974       9.134190        0.150000        11.422100       2.054600        14.030000       0.150000        7.293053        5.851430        2.060830        0.150000        27.212000       5.140502        23.355181       0.150000        0.047533        0.277992        0.125054        0.012000        0.029630     
123946     609365.375    3321185.250    12.118900       6.004830        10.891875       0.150000        22.453739       4.841008        20.000000       0.212359        24.939900       5.532920        35.240002       0.150000        13.234700       3.540042        9.054088        0.233970        0.057373        2.383160        0.116960        0.025068        0.173835     
84056      609365.375    3344095.500    28.145100       16.861401       8.091590        0.150000        21.299999       4.544697        17.117485       0.150000        22.544775       2.431830        7.821070        0.150000        38.715202       2.503935        21.299999       0.150000        0.028024        0.720292        0.175025        0.012803        0.010800     
96101      610638.188    3340277.000    47.377100       6.280674        13.014200       0.150000        14.628550       3.940367        10.010597       0.150000        29.229126       16.626801       15.352450       0.150000        15.602375       21.940876       28.171558       0.150000        0.030202        0.733731        0.059513        0.072539        0.010800     
104952     612759.500    3338155.750    43.025425       6.781950        8.787120        0.150000        7.723575        3.160940        14.030000       0.150000        48.645348       28.482826       16.877150       0.150000        10.959700       8.861547        21.299999       0.150000        0.084802        0.695945        0.068348        0.045102        0.020647     
113183     612335.250    3334337.500    106.136002      7.428570        6.033498        0.150000        6.392880        3.170310        5.659583        0.150000        41.517647       1.205394        7.100530        0.150000        27.562925       6.467655        6.854467        0.205822        0.032935        5.039437        0.617284        0.012000        0.010806     
113205     614880.812    3336034.500    56.969452       6.000000        24.855400       0.150000        20.851675       2.046420        14.406343       0.150000        28.108727       9.611000        35.240002       0.150000        10.563500       23.975250       10.048803       0.150000        0.038626        3.313605        0.054321        0.012000        0.015345     
