 Cell2D             x              y            51_x            51_y            51_z            51_s            53_x            53_y            53_z            53_s            71_x            71_y            71_z            71_s            41_z            61_z 
29913      557180.938    3314609.000    4.750850        4.583260        10.927999       0.196829        5.898560        5.726522        18.070000       0.150000        13.371800       22.724575       24.738426       0.150000        1.871778        0.024017     
12125      558453.688    3323677.750    10.461238       7.155357        9.606450        0.150000        14.537849       4.354950        10.416651       0.150000        19.241650       7.906113        5.529780        0.150000        7.030000        0.011558     
18718      557393.062    3319223.000    4.894853        10.782150       1.807240        0.150000        79.426949       4.235480        14.421150       0.150000        8.035510        37.947075       13.106800       0.150000        0.981191        0.010845     
26234      560256.812    3319647.250    13.369274       3.459000        9.041063        0.167224        56.299999       8.207280        7.190583        0.180775        35.299999       6.544120        11.604725       0.290546        2.769962        0.015519     
35614      566302.562    3321450.250    5.697242        21.299999       2.556140        0.150000        23.909149       19.507626       5.926320        0.150000        8.050640        8.702152        15.712725       0.234076        1.922430        0.059205     
9640       559938.625    3326647.500    4.121590        8.898660        1.915140        0.150000        11.199500       30.061275       30.236650       0.150000        5.982140        35.299999       13.824500       0.150000        2.184130        0.010800     
10780      564181.250    3332110.000    7.639293        4.339240        20.000000       0.150000        11.189400       7.412670        10.264400       0.150000        14.778825       7.567570        26.331425       0.150000        0.984276        0.010847     
16203      563385.750    3328079.500    21.339149       16.206974       7.525425        0.150000        12.561300       31.688026       7.486220        0.150000        16.022400       35.299999       21.299999       0.150000        1.507535        0.011751     
16902      566514.750    3330413.000    11.736525       10.665951       3.619195        0.210304        5.833650        19.242426       7.314070        0.150000        6.684020        8.187020        10.186425       0.150000        1.913067        0.025528     
32156      566992.000    3324155.000    8.429757        21.299999       19.716724       0.150000        2.923680        3.426920        5.701085        0.158816        17.659000       19.458025       6.372683        0.150000        1.058770        0.010800     
36319      568901.188    3324897.500    6.405675        28.040340       5.939902        0.150000        56.299999       7.972770        7.182830        0.237529        40.311180       32.739273       3.368840        0.150000        0.684367        0.011508     
36940      572666.562    3328503.750    17.223200       7.831858        6.917277        0.150000        12.005625       16.886351       9.327980        0.150000        16.786526       10.676300       30.000000       0.150000        0.917843        0.034152     
44917      571446.812    3323200.500    15.079650       4.257520        14.254873       0.187729        20.558376       9.433175        35.240002       0.150000        35.299999       14.044050       4.638750        0.246652        1.224190        0.050744     
40649      571605.875    3326170.250    29.987850       4.485180        9.105690        0.150000        35.630249       24.707651       4.391110        0.150000        30.902225       12.897275       15.279449       0.150000        4.125795        0.011105     
45366      573409.000    3325852.000    5.542152        5.900780        4.395470        0.306967        4.492770        10.308800       12.844800       0.150000        13.452675       15.552400       21.299999       0.239979        2.040855        0.010810     
49531      573143.875    3323624.750    11.464451       9.043180        5.052840        0.229417        21.933125       4.753650        7.166042        0.150000        19.240326       27.476051       13.898500       0.150000        1.160990        0.030614     
49663      573674.188    3323306.500    7.228252        2.901657        8.731293        0.150000        5.533440        23.988300       8.093010        0.150000        12.367545       26.812376       5.378985        0.150000        3.475650        0.012543     
53362      574310.562    3323730.750    4.883310        8.723085        10.017282       0.150000        8.661242        8.125740        5.904135        0.150000        19.845249       3.104460        16.282625       0.150000        0.872861        0.019308     
53502      574946.938    3323306.500    1.901200        11.466275       8.479640        0.150000        8.055733        3.561470        18.236326       0.150000        22.882225       11.230200       30.000000       0.259829        2.665537        0.033171     
54306      579136.562    3328185.500    6.696010        24.049200       12.920825       0.150000        36.713000       19.821075       27.581123       0.150000        36.842999       33.299225       11.805876       0.150000        1.154840        0.033763     
57401      577121.312    3324526.250    22.322880       6.335020        17.989740       0.150000        1.483460        2.219680        32.738525       0.150000        5.481328        5.839170        9.399418        0.281054        7.030000        0.026729     
60520      575901.562    3320654.750    4.332128        5.237605        4.363477        0.235313        24.084526       56.299999       10.652365       0.351106        8.365070        6.933220        6.428230        0.150000        1.782595        0.014279     
61897      583167.062    3328609.750    12.035600       8.098408        11.919700       0.150000        24.596001       56.299999       17.574924       0.247976        9.299883        10.982000       10.766525       0.150000        2.129530        0.010800     
63810      576591.000    3320495.750    3.395328        23.958600       6.076535        0.199412        13.993050       15.735950       4.749330        0.150000        18.924801       19.412300       9.120317        0.150000        0.994399        0.011209     
64632      581470.000    3325693.000    10.785999       2.195220        5.294688        0.150000        14.011625       55.671700       8.486895        0.150000        12.760915       30.179276       11.942900       0.150000        0.465097        0.011988     
66755      573939.312    3316518.250    13.413925       3.885590        1.957210        0.270654        5.389710        4.274850        14.765400       0.172044        20.611750       9.200660        4.463030        0.150000        2.164138        0.011375     
67046      576378.875    3318056.250    9.923027        4.532430        10.773726       0.150000        33.873325       8.808430        26.507200       0.150000        6.689750        9.664320        11.742476       0.150000        0.863420        0.013835     
67278      576909.188    3318798.750    6.089840        8.499847        20.000000       0.184169        3.706810        10.961500       11.175523       0.150000        21.651300       3.388160        10.789275       0.150000        1.070070        0.015214     
67371      577015.250    3319223.000    2.715870        3.947510        4.994840        0.207493        5.635770        11.059976       8.485150        0.224231        24.107151       33.502773       11.952250       0.150000        0.225456        0.010800     
67616      578606.250    3320867.000    6.469550        18.483524       9.701057        0.150000        21.899975       16.390675       11.963200       0.150000        18.464775       35.196301       21.299999       0.133168        7.030000        0.010801     
67628      578394.125    3319806.250    7.097995        11.822576       6.155020        0.152198        9.104675        27.143826       22.910475       0.150000        15.594900       9.370890        11.685050       0.150000        0.550711        0.010849     
68101      581417.000    3323836.750    3.592653        4.959770        14.030000       0.262003        10.350842       21.940651       9.357930        0.150000        38.873940       7.684780        8.076610        0.150000        2.355740        0.010800     
68357      582265.500    3324685.250    4.262050        2.695300        12.973225       0.224781        13.819025       17.638124       15.460097       0.150000        38.585926       5.041910        14.697400       0.150000        0.415402        0.010800     
71353      578182.000    3318904.750    7.684837        5.548758        3.346740        0.208603        12.308001       5.525630        11.775725       0.150000        4.180210        4.982170        13.652575       0.150000        1.057020        0.068280     
71593      580515.438    3320442.750    18.293051       6.304820        6.368775        0.150000        17.755301       8.054345        3.769230        0.150000        17.902100       12.365974       26.668560       0.150000        1.254090        0.013012     
71958      582265.500    3322139.750    3.163920        5.622373        2.968580        0.150000        12.024800       10.630163       8.087652        0.258500        5.390880        16.011900       16.835325       0.150000        1.151850        0.109943     
72107      582689.812    3323306.500    15.248775       4.771667        9.884080        0.150000        6.725417        25.760174       22.396626       0.150000        35.299999       39.025742       9.582030        0.150000        0.695772        0.011100     
72264      582954.938    3323783.750    2.992795        3.586673        19.870726       0.150000        16.571901       47.601578       12.002022       0.150000        13.679775       8.819510        6.926710        0.150000        1.631160        0.037716     
75084      582265.500    3321609.500    9.511610        11.110550       6.083222        0.150000        56.299999       25.718426       10.116300       0.236927        7.210128        11.432900       17.744000       0.150000        1.880923        0.010800     
75306      583114.062    3322033.750    4.777130        19.549175       12.234735       0.170701        3.164470        11.218675       24.704350       0.150000        30.553576       5.384450        5.818433        0.150000        1.717782        0.010800     
75567      584121.688    3323041.250    5.282050        7.051800        14.030000       0.150000        5.187030        40.579926       16.698725       0.150000        6.248300        11.682725       10.109674       0.150000        1.571227        0.010829     
75727      584758.062    3323253.500    15.704525       4.104210        14.024025       0.150000        9.205580        5.835610        16.637474       0.150000        10.119340       13.378053       10.051200       0.150000        1.093493        0.010800     
76014      586136.938    3324367.250    4.177070        7.720522        2.642390        0.208570        18.080349       2.395450        6.059590        0.150000        8.137380        6.979340        13.439700       0.223512        0.639394        0.011884     
76239      588894.625    3327761.250    11.477526       16.792974       3.674720        0.150000        9.393950        9.090590        5.861470        0.220100        35.299999       7.023745        9.018023        0.150000        0.662716        0.012775     
