 Cell2D             x              y            31_x            31_y            31_z            31_s            51_x            51_y            51_z            51_s            53_x            53_y            53_z            53_s            71_x            71_y            71_z            71_s            41_z            61_z 
79513      591016.000    3327337.000    38.195847       6.000000        8.097730        0.150000        13.794700       6.746822        14.030000       0.150000        56.299999       2.123142        7.918752        0.150000        18.793600       10.659650       27.542999       0.348976        0.888175        0.025442     
81891      585182.312    3320920.000    35.344200       6.423936        11.248000       0.268406        13.520875       6.573967        14.030000       0.244344        56.299999       4.479030        11.254500       0.150000        18.442800       2.802040        21.597626       0.211212        7.030000        0.016849     
82670      588470.375    3323518.750    97.140549       6.000000        15.482150       0.254285        21.299999       4.350160        17.083620       0.150000        22.889675       3.370210        9.838890        0.150000        35.399460       3.312300        21.299999       0.260062        1.367970        0.063167     
86186      586455.125    3320708.000    25.713800       6.000000        16.532585       0.150000        11.846775       4.583170        1.994495        0.150000        16.320500       8.924337        16.195900       0.150000        29.078701       3.616890        7.872057        0.210646        0.530906        0.010800     
86204      586508.188    3320230.500    49.136497       9.318680        20.132151       0.150000        12.978625       13.433600       5.364190        0.150000        17.650452       3.343440        7.605492        0.235711        5.972290        13.906500       12.843200       0.150000        1.565770        0.036865     
86916      592394.812    3326382.500    19.054600       6.202182        10.536723       0.150000        11.904301       1.958380        19.179700       0.223557        4.910840        26.115601       22.809624       0.150000        11.335700       34.539597       14.453751       0.150000        0.910090        0.069561     
90175      587356.688    3319594.250    71.717880       6.010188        47.865974       0.150000        24.103400       2.764885        7.268242        0.150000        56.299999       20.628201       6.499448        0.150000        23.352800       2.286865        21.299999       0.150000        2.665415        0.010800     
90554      588788.562    3319753.250    53.312800       14.558350       19.137575       0.150000        24.467500       1.523520        8.807600        0.150000        7.641960        2.680550        15.527950       0.150000        22.640600       8.445977        6.813527        0.150000        1.867360        0.030001     
90889      592925.188    3323890.000    27.336800       15.588950       12.498200       0.315982        22.897921       6.442710        16.166580       0.224553        31.317274       5.782473        11.828725       0.150000        47.247601       4.441225        20.926174       0.150000        1.260570        0.020099     
91074      593720.625    3325321.750    27.019001       9.776562        6.971350        0.150000        9.369172        5.376197        14.589666       0.150000        3.274070        4.530580        16.717525       0.150000        14.039750       16.873074       11.643630       0.150000        1.053158        0.024263     
93297      586932.438    3317473.000    33.482700       6.783738        9.975915        0.150000        12.194201       1.968590        19.831076       0.150000        56.299999       29.217876       13.331125       0.150000        35.299999       11.862140       10.051798       0.238088        2.800568        0.023271     
94043      590591.688    3319912.500    45.159424       7.056960        6.922884        0.150000        7.961072        4.475920        10.903600       0.150000        9.778872        3.986550        9.576922        0.185407        8.051300        3.445370        3.235400        0.150000        0.266442        0.049240     
94713      594622.188    3324632.250    66.557200       20.742352       6.386184        0.150000        26.520901       3.871995        5.384052        0.150000        8.242662        27.045925       35.240002       0.150000        15.239900       4.069530        25.049341       0.150000        0.791232        0.010804     
96790      588788.562    3317950.250    30.996799       6.000582        6.565410        0.150000        5.839778        8.059555        19.965361       0.148253        7.191750        15.723576       3.497000        0.150000        17.943000       2.644610        8.842750        0.150000        3.644413        0.038623     
97374      592925.188    3320973.000    7.865730        6.243500        40.049774       0.208841        8.628180        2.400600        4.090140        0.150000        31.576700       5.368130        24.279800       0.150000        10.952850       2.200690        7.055340        0.170027        1.316680        0.010800     
100677     594197.938    3321609.500    34.166275       6.000000        21.608925       0.150000        6.110860        1.394478        1.049770        0.150000        23.269699       10.383415       7.056570        0.150000        9.908450        7.875070        13.221000       0.228609        1.092046        0.010800     
102353     590273.500    3314715.250    18.843000       6.015054        10.042793       0.150000        15.331300       4.620342        4.805105        0.165898        24.319351       7.160665        5.943020        0.214286        33.519249       9.603910        4.955540        0.150000        1.036648        0.040918     
102581     591281.125    3316942.500    19.410126       7.551072        13.768600       0.150000        13.949500       7.629642        14.030000       0.150000        6.112410        5.670410        26.103800       0.150000        15.534250       9.626068        21.299999       0.150000        0.692207        0.010800     
102956     593031.250    3318056.250    42.661652       6.048990        20.615074       0.150000        22.313100       1.290110        6.658308        0.150000        5.442710        8.252597        9.549590        0.150000        24.826500       5.972913        18.902225       0.150000        1.831068        0.010800     
103320     594304.000    3318957.750    32.203449       6.000000        9.235880        0.150000        10.137500       12.232625       1.603250        0.150000        11.643100       7.184540        19.894199       0.150000        25.043451       1.963660        10.630400       0.150000        1.391770        0.019332     
103440     595364.688    3319859.250    48.094074       6.002784        8.442770        0.150000        7.913985        2.659220        2.727660        0.165467        32.296627       7.914303        28.433975       0.150000        35.299999       1.757748        7.250772        0.191064        0.799778        0.015620     
103598     597167.812    3321821.500    8.857110        6.000000        8.410755        0.197974        9.929560        2.725822        4.197740        0.150000        9.893000        4.768305        5.840310        0.150000        31.677952       1.697210        13.262600       0.150000        1.145120        0.011983     
103743     598758.812    3323200.500    28.973026       7.778567        13.685975       0.150000        8.372112        8.558985        11.255625       0.180828        43.310650       12.066650       35.240002       0.216121        25.843275       7.287310        8.669020        0.150000        0.477813        0.017152     
106103     594357.062    3317791.000    52.672897       9.480282        20.936775       0.414932        23.938078       4.950210        3.217000        0.150000        10.182200       1.959810        12.355900       0.231503        8.375320        5.117030        6.436967        0.274497        1.348160        0.010800     
106281     595046.500    3317526.000    23.307350       7.626560        6.906702        0.150000        3.713950        4.727643        11.921100       0.150000        18.781000       23.136950       14.313680       0.150000        50.000000       4.077175        21.299999       0.203050        0.796954        0.011264     
106611     595948.062    3319382.000    41.321877       13.871675       20.706154       0.150000        11.716300       1.205910        14.030000       0.175145        7.136100        2.034010        11.498700       0.230438        37.327225       5.521720        12.919700       0.266726        0.336461        0.010800     
110534     596478.375    3318851.750    13.276400       6.000000        24.285200       0.150000        28.377449       4.560345        14.030000       0.150000        39.168575       4.744380        7.170260        0.150000        28.620500       3.373390        27.143800       0.226239        1.190493        0.041612     
111537     600349.750    3322458.000    49.200700       6.221688        14.565975       0.150000        18.102776       1.358200        2.927120        0.171766        43.691200       9.760250        26.384476       0.150000        28.841351       2.042510        24.041882       0.263264        0.906117        0.014362     
66742      573515.062    3315669.750    70.900055       12.969400       15.135300       0.299075        10.611213       2.040572        9.071290        0.150000        10.919250       8.309605        7.555503        0.150000        30.350800       6.807610        6.382662        0.150000        1.467793        0.011002     
70844      576591.000    3317419.750    35.586777       16.083275       6.212110        0.150000        6.597770        3.115803        3.351850        0.150000        18.147224       4.308860        13.424750       0.291897        16.578150       3.440925        9.365829        0.150000        1.553962        0.026521     
71473      579030.500    3318533.500    99.036125       6.175656        9.784855        0.277522        2.987670        2.479890        15.317340       0.150000        17.971575       4.577180        6.520200        0.308958        9.253340        1.761420        6.721300        0.150000        0.577943        0.100289     
74395      577174.375    3315882.000    70.040298       9.312230        10.762050       0.381545        9.483103        4.988088        9.435717        0.238117        54.301773       18.660126       8.842780        0.142018        9.932180        1.325500        18.618400       0.150000        1.276065        0.010803     
77698      578500.188    3315086.500    34.484600       4.472090        9.116840        0.150000        11.421475       1.291350        3.582570        0.150000        56.299999       4.829380        15.108325       0.293800        25.205601       6.565655        16.108175       0.150000        1.972130        0.021020     
78109      581682.188    3318639.500    30.790451       6.000000        13.182000       0.150000        22.879900       5.059247        5.628585        0.150000        3.820240        9.749740        4.229090        0.150000        18.673801       1.892380        24.010262       0.150000        2.654833        0.024795     
80479      576272.812    3312063.500    39.851151       6.012396        6.179130        0.150000        7.165860        1.685890        20.000000       0.150000        10.952700       5.220430        6.071870        0.150000        13.114876       7.959575        11.670975       0.150000        4.078802        0.018719     
80756      579348.688    3314131.750    21.640000       6.307932        15.523000       0.150000        16.659700       4.121395        4.624520        0.150000        4.960860        39.670700       21.524801       0.150000        47.120277       5.408922        12.590550       0.150000        1.208180        0.016013     
81095      580515.438    3315988.000    30.842825       6.016308        15.731900       0.266639        19.289600       2.765638        14.030000       0.150000        13.780500       3.167000        11.946000       0.150000        10.926300       4.542645        30.000000       0.150000        3.312850        0.050958     
84405      580780.625    3313548.500    14.892375       13.861450       12.984750       0.150000        5.706970        3.396910        15.020800       0.150000        8.516130        16.024551       17.452499       0.185182        25.579676       18.254801       11.028900       0.150000        1.899623        0.011081     
85620      584599.000    3317260.750    41.534500       24.556376       13.755025       0.224854        16.990929       14.459225       10.010887       0.150000        39.897400       6.975110        9.490070        0.150000        13.518625       11.448300       21.299999       0.150000        0.312553        0.010800     
92632      583697.438    3313230.250    8.293901        36.197975       8.252620        0.335600        12.326025       2.582690        19.955400       0.150000        18.269350       21.093725       8.711121        0.150000        8.275990        2.702018        12.721149       0.150000        1.085690        0.045270     
96140      580727.562    3309730.000    42.498577       16.427725       9.546770        0.294461        18.221399       1.678270        4.449170        0.150000        10.274000       1.934052        10.536449       0.275203        15.852300       5.173010        24.825300       0.150000        1.925363        0.010800     
99295      579242.625    3305487.500    49.523750       6.000000        11.063300       0.236093        18.602875       1.891812        20.000000       0.150000        7.280160        14.332650       11.988300       0.312304        15.214849       4.325567        18.165874       0.150000        1.860040        0.015083     
