 Cell2D             x              y            51_x            51_y            51_z            51_s            53_x            53_y            53_z            53_s            71_x            71_y            71_z            71_s            41_z            42_z            52_z            61_z 
34677      590273.500    3347277.500    7.983780        3.762700        6.558480        0.220964        16.173900       11.128400       9.351480        0.198247        36.804000       2.804490        9.378660        0.416028        0.994973        0.019134        0.010259        0.013027     
48643      593667.625    3346429.000    9.585670        4.102200        2.941400        0.165373        5.289020        5.766980        7.643130        0.214104        19.018700       4.876850        12.763800       0.178169        0.884915        0.052389        0.011846        0.010040     
48663      596213.188    3348762.250    3.957360        2.123330        19.942500       0.228580        21.189300       12.514100       9.369760        0.197659        25.202100       11.659600       8.349680        0.210983        1.488350        0.089647        0.022314        0.054129     
59898      595152.562    3341549.750    7.134690        2.723420        1.629230        0.321456        8.848590        4.523330        18.802400       0.217226        2.842280        17.595800       13.997100       0.274609        0.978154        0.052701        0.169537        0.045512     
1650       571605.875    3350883.750    10.068600       7.050960        5.575720        0.197813        5.991200        3.143450        11.214500       0.413706        35.523800       10.354000       9.015770        0.236636        1.951180        0.379696        0.053672        0.014930     
2628       567787.500    3343247.000    11.709200       2.810330        14.030000       0.235278        13.438700       8.405500        8.994930        0.214402        43.907600       3.639720        9.113870        0.161039        1.013360        0.057775        0.029002        0.023986     
6424       582636.750    3353429.250    11.319400       6.343610        2.467530        0.139633        9.735390        10.284500       12.625000       0.285584        19.049200       2.632970        6.653320        0.313528        1.075600        0.043758        0.010106        0.008826     
6427       585182.312    3355974.750    16.211300       2.493710        2.285820        0.162312        24.228400       2.453320        19.027800       0.173599        33.816200       7.500590        19.602300       0.274379        2.964520        0.142292        0.010540        0.009285     
8137       568211.750    3336670.750    16.034400       3.281800        17.351500       0.284065        8.390630        5.919540        3.667640        0.208916        13.233900       4.391300        13.868700       0.252144        3.213070        0.234131        0.026037        0.027660     
10866      566939.000    3334231.250    13.365400       3.296690        2.583570        0.212931        77.680500       1.357240        29.379700       0.217877        8.623090        4.039370        13.664200       0.154583        1.522150        0.158981        0.036251        0.119727     
11190      580515.438    3348338.000    16.294900       2.839790        19.932000       0.210581        3.123170        16.569800       19.513600       0.189729        7.061310        4.561670        23.343800       0.218909        0.406021        0.175243        0.010804        0.048957     
14556      574681.812    3340701.250    9.831700        0.933474        6.876170        0.275983        37.198500       3.983330        9.252190        0.226800        33.671800       6.610020        12.033000       0.172361        0.716576        0.363657        0.018286        0.032708     
14695      580091.188    3346216.750    14.106400       1.519650        5.733610        0.181468        17.899500       20.379200       19.928100       0.280184        2.371930        3.872710        3.669740        0.194849        4.210000        0.077595        0.037175        0.008319     
18059      575954.625    3340701.250    8.442430        3.591460        0.859430        0.197554        46.536400       5.249700        6.196530        0.268332        28.446500       16.191000       9.473650        0.196007        0.750460        0.993366        0.010270        0.033226     
18324      584333.812    3348762.250    22.769600       3.353730        5.418560        0.131228        3.745590        3.614530        3.958070        0.179669        11.556600       3.827260        8.564110        0.329668        1.972610        1.415610        0.037644        0.019661     
18345      588576.438    3352156.500    19.673200       6.895580        0.878306        0.214276        6.426970        14.533100       3.442700        0.206923        19.666100       3.330290        13.686600       0.228846        3.581180        1.592750        0.014530        0.008318     
21734      578606.250    3340171.000    4.003360        1.919560        11.968500       0.154008        71.487500       2.042370        4.639190        0.379814        45.116900       9.510710        6.771630        0.191981        1.083850        0.061195        0.035720        0.009538     
23859      569484.562    3329458.250    17.819500       8.057050        12.913600       0.195660        24.658000       9.630080        9.121230        0.244514        10.631500       6.632210        5.985210        0.266195        2.387870        0.027488        0.043197        0.016327     
24086      574151.500    3335292.000    11.840700       2.997370        0.678278        0.226918        21.004900       4.390130        20.926700       0.238987        21.380300       4.677300        12.806400       0.175956        0.693515        0.060307        0.011132        0.011819     
28770      578606.250    3336777.000    7.288780        3.066430        6.561060        0.223006        6.003670        11.675700       2.133230        0.426522        19.476200       4.058830        6.019460        0.215763        0.414453        0.683293        0.010330        0.032564     
29747      583909.562    3343034.750    16.152700       1.749820        3.889060        0.179010        6.206850        4.243230        16.184000       0.217310        19.108000       29.038100       19.001600       0.218338        0.715142        0.044232        0.024125        0.009943     
34198      583008.000    3339534.500    11.676900       2.833190        15.151700       0.184611        6.943070        9.174320        3.769680        0.233450        22.218900       2.431380        14.070300       0.221420        0.722000        0.104347        0.025748        0.028424     
37054      574045.438    3329882.500    9.289420        3.716700        5.008140        0.185596        10.111000       10.215000       24.222700       0.234902        9.984630        4.883550        12.394800       0.325540        0.822238        0.040962        0.011491        0.037973     
38941      585712.688    3340648.250    4.249340        4.742880        8.373950        0.124509        3.427640        1.510140        6.659470        0.304103        12.052400       4.763300        15.844400       0.242439        1.404790        0.083495        0.010543        0.038999     
43166      584758.062    3338049.750    5.450140        1.594560        6.519510        0.159428        33.330400       2.421890        4.916200        0.126925        17.378100       3.748150        8.067060        0.257804        0.376806        0.161995        0.011325        0.017187     
43992      592182.688    3346641.000    7.551180        2.500530        4.438700        0.273356        29.873300       8.569780        4.557390        0.252791        10.821500       7.454520        11.775800       0.200447        3.527070        1.132680        0.010826        0.020819     
45739      576803.125    3329246.250    7.876160        3.356160        7.557450        0.217462        40.195300       5.811190        13.404400       0.353025        19.832300       6.274560        14.284600       0.211437        2.149600        0.075511        0.010228        0.063469     
50965      583167.062    3333488.750    24.053100       5.031330        6.252930        0.217235        16.342000       6.531930        43.257400       0.279978        8.614430        2.556070        11.336200       0.308457        0.395754        0.101254        0.015978        0.013577     
51628      586136.938    3336936.000    10.683100       7.028750        12.923600       0.198165        12.057200       4.419570        40.780600       0.191788        27.417700       3.740650        9.257900        0.200942        0.777059        0.174747        0.010396        0.008463     
51857      586879.375    3337996.750    5.736060        3.235580        2.295870        0.138665        17.493500       4.344300        26.888000       0.208186        6.233770        3.919440        7.301380        0.246671        1.216370        0.164769        0.030464        0.119891     
54365      579985.125    3329246.250    12.795500       8.389970        3.944880        0.191706        31.277400       14.059900       12.309000       0.222485        18.121000       20.798500       7.759130        0.267392        0.268000        0.354197        0.012637        0.008992     
55651      587993.062    3336140.500    16.113700       2.839840        1.377990        0.203755        42.537900       3.697060        8.912070        0.281727        16.545500       4.573320        8.866190        0.302584        0.322768        0.198884        0.017804        0.009149     
56037      589212.875    3338102.750    10.965000       1.690200        9.013630        0.181165        18.808700       10.281300       6.948330        0.248019        14.547900       3.237130        19.297200       0.231985        1.129340        0.968456        0.011148        0.012060     
56264      590061.375    3338474.000    6.101690        7.108910        7.570410        0.195363        5.022540        2.031080        10.134800       0.250090        7.392580        1.636110        8.026170        0.236751        1.075740        0.531357        0.011794        0.009165     
58582      586243.000    3332958.500    6.083400        2.403700        4.880260        0.232567        11.418800       4.722930        9.979670        0.244454        29.773300       7.134250        2.045870        0.246763        2.435170        0.116130        0.010295        0.009581     
58907      587356.688    3335186.000    7.218000        3.295500        7.407380        0.188903        5.120540        4.328560        2.437130        0.194773        35.285300       9.363200        17.623900       0.309660        1.578090        0.024630        0.011506        0.008168     
59770      591334.188    3339110.250    12.517100       1.473970        3.119960        0.188919        9.576720        56.300000       18.420200       0.243379        48.490100       9.102270        11.765100       0.221186        0.938435        0.078984        0.027492        0.024502     
59905      595364.688    3342610.500    22.012500       3.562460        1.465130        0.162372        25.273300       1.081770        5.479510        0.220498        9.277340        9.175020        9.574510        0.339963        0.716865        0.107871        0.010881        0.009158     
62032      584970.188    3330837.250    5.894250        0.860774        5.214810        0.151457        11.950200       6.864400        4.986180        0.206406        10.397900       11.630300       5.382100        0.281040        1.125560        0.107605        0.012121        0.009897     
74066      603425.688    3344095.500    9.841880        12.156500       3.390870        0.201954        7.801510        5.104410        36.224300       0.211358        38.352800       4.874380        18.800300       0.217639        1.188640        0.062874        0.033334        0.062617     
77022      595046.500    3333435.750    3.360430        2.705590        6.949660        0.170854        7.937250        4.957310        7.989440        0.338284        29.858300       9.269170        14.680000       0.195432        0.461554        0.098268        0.045967        0.009815     
77270      597910.250    3336670.750    5.957180        3.910440        4.183920        0.162424        25.585300       7.383490        38.433500       0.270046        29.340900       8.366890        8.549290        0.231409        1.045010        0.207825        0.064693        0.022766     
77301      600880.125    3339852.750    17.504400       3.357980        2.321500        0.134233        4.283390        10.119600       11.734600       0.279851        34.661800       3.762760        5.841410        0.295617        2.405420        0.048995        0.008254        0.010103     
79692      593773.688    3330731.250    30.000000       2.955390        7.828930        0.169051        37.828800       6.824770        8.223430        0.245820        49.991100       7.609150        29.582600       0.294354        1.641180        0.076545        0.010882        0.014484     
80237      596266.250    3332534.250    18.407000       2.366080        4.877980        0.175174        20.075000       9.120280        4.827870        0.240400        47.760400       4.056500        23.177000       0.243041        1.166760        0.053160        0.070644        0.032947     
80410      599183.062    3335822.250    20.767100       3.068320        1.423500        0.175806        23.980000       2.937220        8.964460        0.219878        11.978400       9.633180        8.827760        0.265643        3.091200        0.051936        0.020161        0.008547     
