 Cell2D             x              y            31_x            31_y            31_z            31_s            51_x            51_y            51_z            51_s            53_x            53_y            53_z            53_s            71_x            71_y            71_z            71_s            32_z            41_z            42_z            52_z            61_z 
127024     608092.625    3315882.000    8.395653        4.009516        4.365696        0.298237        1.463948        2.034055        5.785542        0.201459        7.840832        2.879530        6.422210        0.350000        21.787300       3.710670        6.407605        0.284177        0.227749        0.318985        0.192019        0.008139        0.008019     
131141     601092.250    3304214.750    47.572400       4.046036        5.084483        0.350000        6.559390        2.301110        0.955973        0.183809        10.000300       2.451650        3.905330        0.350000        13.559700       3.016570        4.572143        0.322812        0.041904        0.100000        0.174578        0.008000        0.007716     
131484     603266.625    3306442.000    43.370575       4.000000        7.749692        0.174573        8.903010        2.682395        2.153197        0.350000        11.686000       8.718468        5.111457        0.350000        8.168305        9.210180        2.216948        0.279999        0.016969        1.169550        0.065668        0.008009        0.015144     
131997     604857.562    3307927.000    22.858850       4.000000        5.119490        0.350000        13.718375       1.922120        2.650405        0.350000        7.381160        3.262650        6.745575        0.350000        7.038503        1.001703        1.231040        0.350000        0.039731        0.220309        0.153125        0.008000        0.010343     
132586     606607.688    3309465.000    5.278708        5.465076        5.042693        0.350000        8.022660        3.227273        5.014967        0.273258        6.031755        9.056730        49.979800       0.264889        13.411625       4.165390        3.959150        0.350000        0.057642        0.512252        0.028755        0.008085        0.007420     
132964     608516.875    3312169.500    20.770174       4.047272        17.585476       0.325757        5.722592        7.363070        2.581497        0.350000        4.774023        4.647033        7.344068        0.350000        8.560548        7.243867        4.923955        0.350000        0.023496        0.646841        0.017347        0.027260        0.014734     
133035     611062.438    3313336.250    17.394300       5.091343        6.284607        0.350000        3.509142        1.549310        11.587999       0.350000        1.128245        9.134410        14.849250       0.350000        15.535900       2.428797        9.367803        0.350000        0.038502        0.351354        0.127573        0.014281        0.007513     
133124     593667.625    3294880.750    55.517273       5.001318        7.852683        0.350000        14.737050       1.862668        3.437180        0.350000        9.518840        3.029060        7.715348        0.350000        16.308975       1.000000        11.531300       0.302535        0.150984        1.098835        0.016068        0.008608        0.007200     
133600     603956.000    3305540.500    45.327751       5.714848        8.153250        0.281237        8.293290        1.935920        6.287328        0.350000        15.300100       3.436630        6.203923        0.350000        10.479775       8.154373        7.684517        0.350000        0.071177        2.117945        0.170776        0.008000        0.017451     
136380     609365.375    3309093.750    24.409525       4.729756        5.392135        0.350000        1.777110        1.235580        2.179260        0.350000        5.216045        1.014384        18.145124       0.350000        15.695675       3.295085        4.212820        0.350000        0.058125        1.058190        0.065923        0.022474        0.017620     
136918     605494.000    3303684.250    12.884200       4.164252        13.848650       0.237881        11.541775       1.049248        4.070982        0.132090        19.621426       8.024710        5.979860        0.350000        34.283375       5.176150        9.752910        0.246327        0.093820        0.380845        0.099983        0.008061        0.014690     
138542     608251.688    3303684.250    17.394024       4.000000        7.589138        0.350000        5.525330        2.905470        3.959223        0.195522        6.640675        3.187540        5.578620        0.350000        21.541700       1.721787        5.505780        0.350000        0.032929        0.789943        0.052534        0.012212        0.007651     
138921     593667.625    3288092.500    29.374626       4.028632        18.037300       0.350000        3.082428        1.198398        8.970742        0.350000        5.556288        6.183177        3.906360        0.185337        8.768450        3.963867        5.827992        0.350000        0.024387        0.343324        0.019180        0.008006        0.007200     
138942     601728.625    3295729.250    30.868300       7.325822        10.038535       0.229792        8.224512        1.414762        17.659000       0.170388        9.046658        1.414036        10.349740       0.350000        13.743825       3.296188        2.527350        0.350000        0.019366        0.116940        0.034936        0.021830        0.017076     
140035     606819.812    3299759.750    29.344673       4.008188        8.661142        0.350000        9.558408        2.828218        2.919017        0.213912        3.578310        6.415030        3.519580        0.350000        2.588605        11.281600       2.921917        0.350000        0.139560        1.462020        0.203267        0.008002        0.007200     
140817     614880.812    3308033.000    30.879398       4.000000        6.547585        0.350000        14.885800       1.252413        15.871300       0.350000        5.955480        11.801325       5.558750        0.350000        9.544070        4.711990        8.062207        0.350000        0.030408        0.643628        0.029886        0.008000        0.046494     
142596     613608.000    3302729.750    20.245300       4.290224        10.666900       0.350000        5.655890        1.775612        3.505903        0.191266        7.236700        5.007170        1.746090        0.350000        11.696905       5.504610        8.212290        0.350000        0.195647        0.399155        0.056697        0.011098        0.007318     
142743     603849.938    3291062.500    30.466774       4.000000        13.452300       0.350000        11.572400       1.480747        2.477150        0.350000        3.979230        5.979840        4.771203        0.343906        19.871250       2.870762        7.040217        0.350000        0.023660        1.173717        0.082516        0.009014        0.007724     
116190     614456.562    3334761.750    24.920551       4.000000        4.027452        0.350000        14.118100       1.361852        0.990172        0.350000        19.427126       5.562033        4.374820        0.142457        12.074150       4.065260        9.334300        0.350000        0.016088        4.493018        0.042764        0.010105        0.007860     
122664     612547.375    3325003.500    5.598778        4.286416        9.611200        0.350000        5.098708        5.529490        2.176982        0.350000        50.670326       6.874650        9.889585        0.252659        2.979687        3.847775        5.986308        0.350000        0.045063        0.594145        0.084660        0.011137        0.007202     
122750     616577.875    3329246.250    16.990049       4.087376        4.005280        0.350000        7.958420        3.784058        2.080323        0.296663        3.385707        7.021770        2.407902        0.208825        15.280075       2.146360        15.558075       0.231559        0.032002        0.514432        0.126268        0.008000        0.010923     
130988     610001.812    3314821.250    17.516550       4.000000        13.112400       0.350000        6.281835        2.216310        14.624900       0.350000        11.019262       7.221462        9.848425        0.350000        7.171995        2.179537        8.776171        0.350000        0.155520        0.403067        0.078232        0.011231        0.020789     
131015     611486.688    3315669.750    34.248577       4.004304        8.576630        0.350000        4.559597        1.433563        6.663108        0.211404        11.971800       3.170690        5.715760        0.350000        6.241780        11.219525       8.121207        0.350000        0.028262        0.846501        0.246294        0.008000        0.010488     
136497     625063.188    3324155.000    14.934185       4.030032        6.006232        0.350000        14.954700       2.928050        2.733475        0.231715        31.120600       1.183496        6.103652        0.240929        9.759615        3.946520        6.343980        0.350000        0.028010        0.562776        0.044580        0.009664        0.007200     
141751     625487.438    3316942.500    28.718525       5.410948        5.959190        0.277952        4.173190        2.128490        1.477973        0.350000        3.581745        2.782750        26.789875       0.256477        23.691525       3.329280        8.807003        0.399428        0.057921        0.226746        0.073975        0.023492        0.015071     
