 Cell2D             x              y            31_x            31_y            31_z            31_s            51_x            51_y            51_z            51_s            53_x            53_y            53_z            53_s            71_x            71_y            71_z            71_s            32_z            41_z            42_z            52_z            61_z 
86915      592394.812    3326594.500    20.735524       7.246282        8.863866        0.300000        14.824054       0.907470        5.660144        0.300000        27.244680       4.630820        7.380334        0.300000        14.689569       6.356484        11.651480       0.300000        0.024536        1.153395        0.090782        0.021008        0.036383     
87165      594569.188    3327867.250    40.285788       4.500000        5.099792        0.300000        3.586660        3.976420        2.022760        0.268283        21.062200       8.291242        4.787494        0.300000        13.856700       11.583229       8.856274        0.300000        0.047770        0.325776        0.745161        0.017313        0.009148     
91117      593773.688    3325374.750    26.396519       4.721107        4.817704        0.324153        17.736450       5.633356        6.245141        0.300000        14.273400       11.649000       13.920800       0.300000        13.126493       1.865900        9.352370        0.300000        0.022239        0.402990        0.062196        0.009021        0.009804     
83301      594834.375    3330306.750    40.049700       5.823270        4.688860        0.206658        10.739058       1.050534        1.261035        0.300000        19.070143       3.842358        4.687526        0.300000        11.122254       2.685860        10.968000       0.300000        0.063574        0.719920        0.169289        0.009301        0.008100     
87666      596107.125    3329405.250    25.114799       12.128400       6.572006        0.300000        10.647148       2.033370        8.060300        0.300000        27.126124       8.696770        18.435326       0.318339        12.406494       4.830890        5.735889        0.300000        0.086317        0.675038        0.083909        0.009000        0.009529     
88240      600455.875    3333276.750    47.994201       4.618345        5.224374        0.300000        8.023600        4.007080        2.310810        0.300000        45.032900       8.589149        3.300270        0.300000        26.180800       5.541151        16.640225       0.300000        0.018018        1.382142        0.041312        0.009689        0.008427     
92354      598970.938    3331261.500    8.744838        6.173299        4.590580        0.300000        4.758337        3.359889        2.063490        0.300000        25.831900       2.381600        4.191040        0.300000        7.732970        9.838910        18.796000       0.210914        0.020120        0.232807        0.058911        0.026267        0.027065     
94729      594834.375    3324844.500    58.448918       4.500977        5.342350        0.300000        11.489600       2.371095        6.988288        0.176538        13.334187       8.822263        13.858713       0.300000        21.860767       4.958568        12.031738       0.300000        0.046848        1.154593        0.239568        0.009121        0.012189     
98674      598334.500    3327496.000    43.304600       4.500000        11.052820       0.300000        3.738650        5.161891        2.005083        0.300000        6.251106        9.436990        3.431770        0.207804        12.669500       8.082071        21.397032       0.300000        0.023427        0.450146        0.103970        0.010040        0.009333     
101232     597910.250    3323836.750    48.420676       6.225368        7.877735        0.263672        9.909385        2.427287        5.655250        0.300000        1.928100        13.092484       11.843608       0.300000        5.137370        3.510560        2.477311        0.300000        0.021667        0.484314        0.042336        0.009008        0.008731     
104414     601834.688    3326329.500    24.981544       4.704287        7.654323        0.366729        3.321830        2.918164        3.120722        0.300000        4.258460        12.629179       4.613819        0.300000        12.941316       2.142800        11.429800       0.300000        0.019019        1.180241        0.040942        0.016659        0.012578     
104455     601834.688    3326700.750    44.368258       7.296842        15.013015       0.300000        5.692146        3.839250        4.240921        0.300000        7.797812        12.977432       9.584502        0.300000        14.707771       5.111350        5.495440        0.260162        0.020260        0.336095        0.047493        0.064743        0.054164     
107418     600880.125    3324314.250    33.280037       4.500000        6.892028        0.300000        10.392319       3.526855        5.944025        0.300000        11.615900       3.712688        7.505919        0.300000        12.073900       13.993231       7.705016        0.300000        0.018100        0.608788        0.042107        0.023637        0.008100     
111612     600774.062    3322882.250    57.505645       15.863200       4.682907        0.300000        4.151327        7.658450        2.546569        0.300000        3.782616        7.065170        6.897220        0.263324        23.726800       3.149544        7.211300        0.300000        0.018001        0.505670        0.025852        0.024570        0.008129     
112758     605971.250    3327602.250    25.743800       4.500000        16.349200       0.300000        7.394120        3.133825        4.389502        0.300000        5.851356        7.244794        5.303230        0.300000        16.400200       6.550492        12.217400       0.300000        0.025865        0.777708        0.060455        0.009008        0.009672     
115003     602152.875    3322352.000    10.830900       4.500000        10.815701       0.300000        6.094700        3.873313        4.087536        0.300000        6.342626        7.933990        3.873391        0.300000        48.480700       8.168850        10.508192       0.300000        0.091498        0.507837        0.039052        0.018195        0.011767     
117757     603531.750    3322033.750    32.875288       4.500000        6.049190        0.300000        5.021286        1.953963        6.731461        0.161944        7.672112        4.310350        9.282520        0.300000        6.118160        2.930880        12.024004       0.300000        0.079232        0.250097        0.046925        0.009706        0.026777     
84032      604274.250    3339004.250    31.691900       5.759163        6.844737        0.300000        6.396810        3.325651        2.119066        0.182041        12.606656       5.359350        7.892366        0.222751        8.748540        2.604367        8.644301        0.184663        0.020535        1.307681        0.061086        0.009059        0.008155     
99251      605122.750    3333064.500    16.340800       4.503105        6.296156        0.300000        6.876971        3.989688        3.910006        0.300000        41.932592       3.625854        4.838883        0.300000        8.847258        2.259910        5.907990        0.300000        0.031915        0.137745        0.094936        0.027886        0.011635     
99263      607668.312    3335610.250    39.092026       4.500000        7.374220        0.300000        3.508068        2.828240        5.641541        0.300000        9.727636        2.876380        10.243400       0.300000        12.233472       4.162311        12.111000       0.300000        0.144116        0.491729        0.211936        0.009000        0.008157     
104919     607244.062    3331579.750    50.369787       6.779840        19.575413       0.300000        9.592130        2.437293        7.706550        0.300000        16.047000       5.188579        2.160282        0.300000        12.705787       12.378629       16.035049       0.250956        0.018000        2.168100        0.089456        0.009000        0.008100     
115669     607244.062    3326753.750    49.618312       6.676397        9.966240        0.300000        12.501947       2.309641        5.797290        0.300000        29.998456       3.865147        3.716469        0.300000        20.392654       2.871533        6.052160        0.300000        0.018000        1.442770        0.192180        0.032352        0.073704     
116149     611911.000    3331155.500    11.385836       5.599084        7.921110        0.300000        5.408947        2.485568        2.681936        0.300000        22.566556       11.367000       3.758110        0.289655        6.505600        7.757831        11.233000       0.300000        0.020462        0.856433        0.100085        0.028641        0.008456     
118305     609365.375    3327655.250    58.394506       5.514453        25.272750       0.300000        24.710700       3.404537        4.875433        0.235891        28.143237       5.924156        8.045560        0.300000        13.346100       6.941600        8.077390        0.300000        0.063156        0.471959        0.107246        0.009000        0.008104     
118340     610001.812    3327655.250    32.500600       4.553491        17.440500       0.300000        5.433252        2.586240        2.535791        0.160202        14.991213       20.587438       3.755756        0.300000        16.153700       5.572588        9.389220        0.300000        0.136008        1.086660        0.051722        0.009000        0.017560     
119785     605759.125    3321609.500    45.063200       4.610565        10.058959       0.300000        4.463319        3.755102        4.804990        0.300000        7.434176        4.210680        2.822434        0.300000        14.952880       1.027674        8.402149        0.300181        0.018076        0.570044        0.398229        0.010249        0.010033     
119819     607668.312    3323943.000    16.851200       10.355200       4.711599        0.215787        10.055268       1.452500        2.569790        0.300000        19.640188       1.403514        4.855332        0.300000        34.513306       1.907414        5.129180        0.300000        0.084082        0.388130        0.168806        0.012566        0.020220     
121183     606607.688    3321609.500    51.820270       15.919293       9.134190        0.300000        11.422100       2.054600        4.995555        0.300000        3.811667        4.615612        2.060830        0.300000        27.212000       3.557309        12.111726       0.300000        0.035650        0.277992        0.125054        0.009000        0.022223     
123946     609365.375    3321185.250    12.118900       4.503623        6.473796        0.300000        12.342393       2.618159        15.354613       0.212359        24.939900       2.978772        19.774119       0.300000        8.726686        2.861782        6.288732        0.233970        0.043030        0.977517        0.087720        0.018801        0.050209     
84056      609365.375    3344095.500    28.145100       7.967255        8.091590        0.300000        9.829106        2.479912        7.596066        0.300000        9.666144        2.431830        7.821070        0.300000        30.633144       1.454861        8.058431        0.300000        0.021018        0.424268        0.175025        0.009603        0.008100     
96101      610638.188    3340277.000    47.377100       4.710505        13.014200       0.300000        8.208490        2.529464        8.210093        0.300000        20.938794       6.564296        4.606474        0.300000        13.818519       6.666355        16.001790       0.300000        0.022652        0.472948        0.044635        0.054404        0.008100     
104952     612759.500    3338155.750    28.075038       5.086463        8.787120        0.300000        4.794463        3.160940        9.492462        0.300000        14.865218       8.734718        11.864000       0.300000        10.959700       6.004803        7.469711        0.300000        0.063602        0.695945        0.051261        0.033826        0.015485     
113183     612335.250    3334337.500    48.993743       5.571428        4.525124        0.300000        6.392880        3.170310        4.359056        0.300000        19.455949       0.904046        7.100530        0.300000        20.124706       2.575796        4.387890        0.205822        0.024701        1.648240        0.617284        0.009000        0.008104     
113205     614880.812    3336034.500    34.849363       4.500000        11.802854       0.300000        13.033975       2.046420        8.917550        0.300000        9.057640        3.304507        14.157725       0.300000        10.563500       10.101485       6.268216        0.300000        0.028970        1.415215        0.040740        0.009000        0.011508     
