 Cell2D             x              y            31_x            31_y            31_z            31_s            51_x            51_y            51_z            51_s            53_x            53_y            53_z            53_s            71_x            71_y            71_z            71_s            41_z            61_z 
79513      591016.000    3327337.000    25.007661       4.500000        8.097730        0.300000        13.794700       4.623663        6.857161        0.300000        25.472000       1.592356        3.540916        0.300000        15.138400       5.649581        14.905140       0.348976        0.374878        0.019081     
81891      585182.312    3320920.000    35.344200       4.817952        11.248000       0.268406        6.280135        3.709194        6.248819        0.244344        16.019521       1.869758        5.119226        0.300000        18.442800       2.802040        18.814431       0.211212        2.234150        0.012637     
82670      588470.375    3323518.750    45.607730       4.500000        9.601100        0.254285        15.527925       4.350160        9.261412        0.300000        15.007587       3.370210        9.838890        0.300000        25.731859       3.312300        10.126813       0.260062        0.472048        0.047375     
86186      586455.125    3320708.000    22.038593       4.500000        8.253976        0.300000        5.087231        3.499844        1.682129        0.300000        16.320500       3.766121        16.195900       0.300000        12.581081       2.184394        3.895177        0.210646        0.340208        0.008100     
86204      586508.188    3320230.500    21.655187       9.318680        11.941440       0.300000        6.797757        6.220981        1.514721        0.300000        8.223674        3.343440        5.368486        0.235711        5.972290        13.906500       12.843200       0.300000        1.565770        0.027649     
86916      592394.812    3326382.500    19.054600       4.651637        7.136142        0.300000        8.450674        1.958380        19.179700       0.223557        4.910840        19.468144       7.300358        0.300000        11.335700       12.301775       4.736623        0.300000        0.910090        0.069561     
90175      587356.688    3319594.250    40.847970       4.507641        24.321037       0.300000        24.103400       2.255339        3.590713        0.300000        20.509365       10.289430       4.047098        0.300000        14.655301       1.321716        10.043835       0.300000        1.611022        0.008100     
90554      588788.562    3319753.250    53.312800       7.617835        11.736425       0.300000        24.467500       1.523520        8.807600        0.300000        7.641960        2.680550        9.030800        0.300000        22.640600       4.486069        3.956931        0.300000        1.182738        0.022501     
90889      592925.188    3323890.000    27.336800       7.679879        12.498200       0.315982        10.331777       5.798895        11.820103       0.224553        14.826673       2.200024        6.074858        0.300000        28.837595       3.195085        15.500356       0.300000        1.260570        0.020099     
91074      593720.625    3325321.750    23.661081       6.882834        5.725321        0.300000        6.050655        2.960459        4.801439        0.300000        3.274070        3.479579        6.951293        0.300000        6.501230        4.968268        6.551079        0.300000        0.877760        0.018197     
93297      586932.438    3317473.000    33.482700       5.087804        8.153631        0.300000        5.769136        1.968590        8.902415        0.300000        21.898737       11.309559       8.251919        0.300000        16.635069       7.315525        6.885382        0.238088        1.223573        0.017453     
94043      590591.688    3319912.500    15.039856       7.056960        5.192163        0.300000        5.057528        2.069155        9.046489        0.300000        5.416441        3.986550        5.549428        0.185407        5.478329        3.445370        3.235400        0.300000        0.266442        0.036930     
94713      594622.188    3324632.250    66.557200       9.346123        4.789638        0.300000        18.772143       2.678323        3.829484        0.300000        3.250895        13.804268       20.009919       0.300000        15.239900       4.069530        13.252588       0.300000        0.791232        0.008103     
96790      588788.562    3317950.250    24.586663       4.500437        6.565410        0.300000        5.152945        3.984640        13.195984       0.148253        7.191750        6.136019        3.497000        0.300000        17.943000       2.644610        8.842750        0.300000        1.796311        0.028967     
97374      592925.188    3320973.000    7.865730        6.243500        17.063265       0.208841        8.628180        2.400600        4.090140        0.300000        31.576700       5.368130        13.552779       0.300000        5.553206        1.497584        7.055340        0.170027        0.831874        0.008100     
100677     594197.938    3321609.500    14.990814       4.500000        11.113369       0.300000        6.110860        1.045859        1.049770        0.300000        12.344412       7.421333        7.056570        0.300000        9.908450        7.875070        13.221000       0.228609        0.678614        0.008100     
102353     590273.500    3314715.250    18.843000       4.511290        8.167215        0.300000        15.331300       2.648075        2.335837        0.165898        18.666131       4.212004        3.409175        0.214286        18.897100       9.603910        4.955540        0.300000        0.664329        0.030688     
102581     591281.125    3316942.500    13.442731       5.663304        9.164264        0.300000        9.491339        4.542669        5.714716        0.300000        6.112410        5.670410        12.061704       0.300000        6.060321        6.383570        7.164086        0.300000        0.692207        0.008100     
102956     593031.250    3318056.250    32.858551       4.536742        10.387111       0.300000        22.313100       1.290110        5.343869        0.300000        5.442710        4.714386        6.384738        0.300000        24.826500       3.055308        15.134225       0.300000        1.293691        0.008100     
103320     594304.000    3318957.750    12.793480       4.500000        9.235880        0.300000        10.137500       8.238819        1.603250        0.300000        11.643100       7.184540        9.106031        0.300000        19.066362       1.963660        10.630400       0.300000        0.422943        0.014499     
103440     595364.688    3319859.250    30.777099       4.502088        8.442770        0.300000        3.089179        2.659220        2.727660        0.165467        19.753007       5.235835        14.470430       0.300000        14.281840       1.318311        4.654955        0.191064        0.799778        0.011715     
103598     597167.812    3321821.500    8.857110        4.500000        6.604560        0.197974        9.929560        2.000411        4.197740        0.300000        9.893000        2.810284        4.730226        0.300000        10.505561       1.697210        13.262600       0.300000        1.145120        0.008987     
103743     598758.812    3323200.500    15.948957       5.833926        8.953931        0.300000        7.920999        3.541884        4.728731        0.180828        26.041544       9.881533        18.859681       0.216121        15.890589       3.784268        8.669020        0.300000        0.477813        0.012864     
106103     594357.062    3317791.000    37.299251       6.679825        10.251776       0.414932        13.311701       3.391179        3.217000        0.300000        10.182200       1.469857        12.355900       0.231503        8.375320        5.117030        4.648377        0.274497        1.348160        0.008100     
106281     595046.500    3317526.000    16.320106       7.626560        5.180026        0.300000        3.713950        3.459876        7.363879        0.300000        18.781000       11.364416       6.073690        0.300000        23.019856       2.497572        12.274714       0.203050        0.796954        0.008448     
106611     595948.062    3319382.000    25.249039       7.217919        8.927631        0.300000        11.716300       0.904432        6.472282        0.175145        7.136100        2.034010        7.203139        0.230438        26.601344       5.521720        9.973370        0.266726        0.336461        0.008100     
110534     596478.375    3318851.750    13.276400       4.500000        9.821300        0.300000        23.263781       3.657849        7.370148        0.300000        13.459526       4.744380        4.689177        0.300000        28.620500       3.373390        27.143800       0.226239        0.578822        0.031209     
111537     600349.750    3322458.000    49.200700       4.666266        10.217443       0.300000        9.211660        1.358200        2.927120        0.171766        26.218770       9.760250        10.597626       0.300000        9.011787        2.042510        17.255821       0.263264        0.906117        0.010772     
66742      573515.062    3315669.750    21.475014       8.207837        15.135300       0.299075        7.108426        1.668094        9.071290        0.300000        5.746560        2.959495        4.610196        0.300000        13.177082       6.807610        3.758431        0.300000        0.517919        0.008252     
70844      576591.000    3317419.750    22.245944       9.020343        6.212110        0.300000        4.676193        2.494934        3.351850        0.300000        9.155603        4.308860        12.750950       0.291897        14.536238       1.848009        7.202742        0.300000        0.611818        0.019890     
71473      579030.500    3318533.500    40.161912       4.631742        6.886037        0.277522        2.987670        2.479890        7.898951        0.300000        7.522791        3.069091        6.520200        0.308958        9.253340        1.761420        6.721300        0.300000        0.577943        0.031828     
74395      577174.375    3315882.000    34.219138       6.078058        8.125414        0.381545        7.793635        2.099082        2.461168        0.238117        37.633156       11.938936       8.842780        0.142018        9.932180        1.325500        18.618400       0.300000        0.641044        0.008102     
77698      578500.188    3315086.500    30.827600       4.472090        9.116840        0.300000        9.538701        1.291350        3.582570        0.300000        22.063288       4.829380        7.543810        0.293800        15.145494       2.739185        13.613638       0.300000        1.972130        0.015765     
78109      581682.188    3318639.500    13.555098       4.500000        8.696100        0.300000        18.629162       3.828694        4.293463        0.300000        3.820240        9.749740        4.229090        0.300000        9.536939        1.892380        19.140427       0.300000        1.086175        0.018597     
80479      576272.812    3312063.500    24.196869       4.509297        4.634347        0.300000        7.165860        1.685890        12.892903       0.300000        10.952700       5.220430        6.071870        0.300000        10.943634       5.609439        6.728961        0.300000        1.609485        0.014039     
80756      579348.688    3314131.750    21.640000       4.730949        15.523000       0.300000        7.210411        3.318293        4.624520        0.300000        4.960860        39.670700       9.458752        0.300000        22.767157       3.326806        10.544280       0.300000        1.054812        0.012010     
81095      580515.438    3315988.000    25.983536       4.512231        11.432120       0.266639        9.933104        2.217035        4.854076        0.300000        13.780500       3.167000        8.598212        0.300000        7.840986        3.519525        30.000000       0.300000        1.760440        0.038219     
84405      580780.625    3313548.500    7.474252        7.215737        7.798355        0.300000        5.706970        2.721797        15.020800       0.300000        8.516130        6.894360        10.423785       0.185182        15.613000       11.321783       11.028900       0.300000        0.991308        0.008311     
85620      584599.000    3317260.750    41.534500       12.274982       10.940819       0.224854        9.789728        5.272299        3.387720        0.300000        27.983987       4.089264        8.570987        0.300000        7.126596        11.448300       9.760952        0.300000        0.312553        0.008100     
92632      583697.438    3313230.250    6.220426        18.609050       8.252620        0.335600        9.023076        2.582690        10.330691       0.300000        14.662300       8.545370        6.204536        0.300000        8.275990        1.425568        6.237717        0.300000        1.085690        0.033952     
96140      580727.562    3309730.000    24.392302       8.812047        9.546770        0.294461        11.716247       1.678270        4.449170        0.300000        10.274000       1.450539        8.363801        0.275203        15.852300       5.173010        12.256530       0.300000        1.175392        0.008100     
99295      579242.625    3305487.500    35.628218       4.500000        11.063300       0.236093        16.399244       1.376323        20.000000       0.300000        7.280160        6.953773        11.988300       0.312304        9.004694        3.560444        11.439708       0.300000        1.395351        0.011312     
